# Colors from Kenneth Moreland kindlmann-table-float-1024
4.436043771219999945e-03,2.534998379929999900e-04,3.784998413489999974e-03
9.037121199760000598e-03,4.409036379670000050e-04,7.745918402669999848e-03
1.342434785010000048e-02,7.051036616330000166e-04,1.158354069750000027e-02
1.797527690309999940e-02,9.034889789499999822e-04,1.559864337939999984e-02
2.250089091699999932e-02,1.107409684699999994e-03,1.964119355669999983e-02
2.700128219849999914e-02,1.316840020619999959e-03,2.371115706409999968e-02
3.147654465059999962e-02,1.531753835639999969e-03,2.780849852249999907e-02
3.592677379039999758e-02,1.752124582240000006e-03,3.193318131680000088e-02
4.035206676789999947e-02,1.977925312719999804e-03,3.608516757230000038e-02
4.472547441770000076e-02,2.139055216730000215e-03,4.042087534879999777e-02
4.866172057740000140e-02,2.375793885729999937e-03,4.444053737189999909e-02
5.252989699920000005e-02,2.548125595470000174e-03,4.840728267790000289e-02
5.619181950720000124e-02,2.726093598189999884e-03,5.219569700530000272e-02
5.967255519160000188e-02,2.909667245129999961e-03,5.582826209109999910e-02
6.312354988530000099e-02,3.029538739440000138e-03,5.944569266179999811e-02
6.629426103509999946e-02,3.224387640639999816e-03,6.281381188970000529e-02
6.945646197950000600e-02,3.355785115929999993e-03,6.618651965459999842e-02
7.249239100790000334e-02,3.492973700610000048e-03,6.945308990720000519e-02
7.541336197459999613e-02,3.635918743089999825e-03,7.262349262039999309e-02
7.822909929150000108e-02,3.784585103740000130e-03,7.570627661569999389e-02
8.105294612320000647e-02,3.870598040390000206e-03,7.881014028709999730e-02
8.367925166469999954e-02,4.030753863750000110e-03,8.173636056420000018e-02
8.632148833010000466e-02,4.128490736329999862e-03,8.469093254899999479e-02
8.878528243489999805e-02,4.299987100499999722e-03,8.748403620840000672e-02
9.127056652249999902e-02,4.409294520360000115e-03,9.031070127109999679e-02
9.368372396919999456e-02,4.524404273140000300e-03,9.307897601810000143e-02
9.611763850259999464e-02,4.577852815859999661e-03,9.588082528619999712e-02
9.839746846739999553e-02,4.704595563929999703e-03,9.854183458550000441e-02
1.006141531129999961e-01,4.837486302479999598e-03,1.011647947960000044e-01
1.027522608049999953e-01,4.979139104669999712e-03,1.038056677900000002e-01
1.048127365449999931e-01,5.129981389410000377e-03,1.064720941879999938e-01
1.068747149659999979e-01,5.223799301679999882e-03,1.092517086330000026e-01
1.087869843609999970e-01,5.393487734010000111e-03,1.119697229189999949e-01
1.107016846429999951e-01,5.506830247660000031e-03,1.148020691050000014e-01
1.125455495909999937e-01,5.630185681959999980e-03,1.176610351510000013e-01
1.143209302540000027e-01,5.763633899680000415e-03,1.205465875789999974e-01
1.160299405559999941e-01,5.907256173980000163e-03,1.234586933449999951e-01
1.176744817820000039e-01,6.061135189389999824e-03,1.263973196640000018e-01
1.192562636290000061e-01,6.225355042080000199e-03,1.293624338400000129e-01
1.208354909149999962e-01,6.335962135930000433e-03,1.324466419499999992e-01
1.223517633589999987e-01,6.457154421360000382e-03,1.355585478280000034e-01
1.237919093180000069e-01,6.621619245429999703e-03,1.386050441570000069e-01
1.252315342549999988e-01,6.752098535590000082e-03,1.416790347790000126e-01
1.266140178359999868e-01,6.915096666400000203e-03,1.446851551470000052e-01
1.279954989519999919e-01,7.045708148239999621e-03,1.477172478129999966e-01
1.293201439470000047e-01,7.212081213659999809e-03,1.506786525059999882e-01
1.306434562899999874e-01,7.347618767209999728e-03,1.536645322649999867e-01
1.319104009579999959e-01,7.522058945910000370e-03,1.565769417769999894e-01
1.331758191450000128e-01,7.667163074139999972e-03,1.595123508709999915e-01
1.344392784729999957e-01,7.782886086979999736e-03,1.624706693509999911e-01
1.356469619979999985e-01,7.941281853119999679e-03,1.653520379650000038e-01
1.368526573190000095e-01,8.071739861130000290e-03,1.682548624400000137e-01
1.380559926490000089e-01,8.174213007480000612e-03,1.711790559630000097e-01
1.392044092230000085e-01,8.322986919549999613e-03,1.740228632720000057e-01
1.403505818520000004e-01,8.445158746070000402e-03,1.768866045090000116e-01
1.414428102960000044e-01,8.616437152460000581e-03,1.796672752119999883e-01
1.425330071370000118e-01,8.762435435460000366e-03,1.824664603199999957e-01
1.436208959220000025e-01,8.883099094990000444e-03,1.852840757070000066e-01
1.447062074730000036e-01,8.978372560930000454e-03,1.881200369709999931e-01
1.457389855790000022e-01,9.126725581569999218e-03,1.908688614500000102e-01
1.467695466960000084e-01,9.250941047950000246e-03,1.936346276739999983e-01
1.477488292159999939e-01,9.430799311390000716e-03,1.963106318810000084e-01
1.487747343689999890e-01,9.507223929120000097e-03,1.991094144030000068e-01
1.497498242520000078e-01,9.640476520720000358e-03,2.018170450619999889e-01
1.507227505759999864e-01,9.750647931959999931e-03,2.045400580089999920e-01
1.516462724379999960e-01,9.920082168350000812e-03,2.071693242210000119e-01
1.525681859620000025e-01,1.006755260600000063e-02,2.098125972590000055e-01
1.534883430020000106e-01,1.019298521159999957e-02,2.124697912440000058e-01
1.544066004999999908e-01,1.029630427239999930e-02,2.151408193129999979e-01
1.553228204650000110e-01,1.037743235010000001e-02,2.178255935639999974e-01
1.561920924719999992e-01,1.052175201789999973e-02,2.204120044469999873e-01
1.570600081309999896e-01,1.064492198720000046e-02,2.230107997380000040e-01
1.579264621800000046e-01,1.074685819490000041e-02,2.256218905290000021e-01
1.587479698170000120e-01,1.091467460079999924e-02,2.281314110319999922e-01
1.595687651590000089e-01,1.106223281580000044e-02,2.306518813519999878e-01
1.603887726990000095e-01,1.118944254179999979e-02,2.331832118030000012e-01
1.612079210750000102e-01,1.129621166180000066e-02,2.357253115079999961e-01
1.620261430659999946e-01,1.138244621229999969e-02,2.382780883570000119e-01
1.628023547140000082e-01,1.153803394310000049e-02,2.407247955780000004e-01
1.635784832000000133e-01,1.167399170840000000e-02,2.431808512370000064e-01
1.643544874660000099e-01,1.179021998670000057e-02,2.456461627809999881e-01
1.651305273210000035e-01,1.188585198670000058e-02,2.481206542440000107e-01
1.659024797789999950e-01,1.197672924970000045e-02,2.506038626159999838e-01
1.666686509020000040e-01,1.206949406460000075e-02,2.530955497099999785e-01
1.673909413590000117e-01,1.225730969460000000e-02,2.554756010890000262e-01
1.681461419199999918e-01,1.235433176510000036e-02,2.579834344549999936e-01
1.688956653650000028e-01,1.245318221319999946e-02,2.604994932720000045e-01
1.696395499879999880e-01,1.255383746849999919e-02,2.630236891819999756e-01
1.703778363950000097e-01,1.265627205559999996e-02,2.655559320120000066e-01
1.710749216050000132e-01,1.285630895560000049e-02,2.679733154039999898e-01
1.718026510879999968e-01,1.296275822839999987e-02,2.705208200690000231e-01
1.725249209570000053e-01,1.307089945050000056e-02,2.730760915329999983e-01
1.732417813730000034e-01,1.318069949070000031e-02,2.756390323399999787e-01
1.739532849790000057e-01,1.329212327899999962e-02,2.782095431859999968e-01
1.746594869380000137e-01,1.340513380360000041e-02,2.807875229210000101e-01
1.753604449620000116e-01,1.351969210919999956e-02,2.833728685410000225e-01
1.760562193449999868e-01,1.363575729699999933e-02,2.859654751929999739e-01
1.767468729949999984e-01,1.375328652610000035e-02,2.885652361680000055e-01
1.774324714649999912e-01,1.387223501590000019e-02,2.911720429079999728e-01
1.781130829800000037e-01,1.399255605059999963e-02,2.937857850030000106e-01
1.787588394719999974e-01,1.421600827579999962e-02,2.962775296510000156e-01
1.794302267210000079e-01,1.433947569660000074e-02,2.989042672630000119e-01
1.800968500709999864e-01,1.446416510540000054e-02,3.015375998400000035e-01
1.807587886489999962e-01,1.459002217450000062e-02,3.041774096770000213e-01
1.814161243780000043e-01,1.471699068539999988e-02,3.068235772490000013e-01
1.820689420030000005e-01,1.484501254190000001e-02,3.094759812269999855e-01
1.827173291070000039e-01,1.497402778450000055e-02,3.121344984850000226e-01
1.833875348869999922e-01,1.499829732409999929e-02,3.149315394709999993e-01
1.840267878530000012e-01,1.512855374949999970e-02,3.176024291549999767e-01
1.846618886439999885e-01,1.525961112219999943e-02,3.202790498920000117e-01
1.852929364349999997e-01,1.539140214580000075e-02,3.229612714819999897e-01
1.859200333090000046e-01,1.552385775659999995e-02,3.256489620219999992e-01
1.865432842720000095e-01,1.565690714690000027e-02,3.283419879200000224e-01
1.871627972509999904e-01,1.579047779000000012e-02,3.310402139229999818e-01
1.877786831019999936e-01,1.592449546649999867e-02,3.337435031450000089e-01
1.883910556110000023e-01,1.605888429229999914e-02,3.364517170910000243e-01
1.890000314860000030e-01,1.619356674779999852e-02,3.391647156929999962e-01
1.896057303610000078e-01,1.632846370790000043e-02,3.418823573379999869e-01
1.902082747799999918e-01,1.646349447370000149e-02,3.446044989040000228e-01
1.908077901930000098e-01,1.659857680560000021e-02,3.473309957949999860e-01
1.914044049399999947e-01,1.673362695720000126e-02,3.500617019839999955e-01
1.919982502329999896e-01,1.686855971020000122e-02,3.527964700499999773e-01
1.925894601400000017e-01,1.700328841060000026e-02,3.555351512230000011e-01
1.931781715579999892e-01,1.713772500609999846e-02,3.582775954279999731e-01
1.937645241900000093e-01,1.727178008410000173e-02,3.610236513339999953e-01
1.943486605130000100e-01,1.740536291029999919e-02,3.637731664050000147e-01
1.949307257450000053e-01,1.753838146940000023e-02,3.665259869479999821e-01
1.955108678099999886e-01,1.767074250480000011e-02,3.692819581719999911e-01
1.960892372939999906e-01,1.780235156029999835e-02,3.720409242430000041e-01
1.966659874009999975e-01,1.793311302219999931e-02,3.748027283459999803e-01
1.972412739069999976e-01,1.806293016149999875e-02,3.775672127410000245e-01
1.978152551050000041e-01,1.819170517690000058e-02,3.803342188309999927e-01
1.983880917489999895e-01,1.831933923840000158e-02,3.831035872299999867e-01
1.989599469939999921e-01,1.844573253129999993e-02,3.858751578280000261e-01
1.995309863289999874e-01,1.857078429960000096e-02,3.886487698650000211e-01
2.001013775119999949e-01,1.869439289109999999e-02,3.914242620000000228e-01
2.006712904909999928e-01,1.881645580140000121e-02,3.942014723939999965e-01
2.012408973320000127e-01,1.893686971880000069e-02,3.969802387840000168e-01
2.018103721310000043e-01,1.905553056850000163e-02,3.997603985600000076e-01
2.023798909320000117e-01,1.917233355790000024e-02,4.025417888560000046e-01
2.029418608980000094e-01,1.941245183210000072e-02,4.051759312100000066e-01
2.035125493459999935e-01,1.952586649540000163e-02,4.079588712880000134e-01
2.040838184409999867e-01,1.963710881199999883e-02,4.107425564250000161e-01
2.046558509009999971e-01,1.974607162650000164e-02,4.135268236279999732e-01
2.052288308870000022e-01,1.985264728529999995e-02,4.163115100870000140e-01
2.057978494029999994e-01,2.008524576090000083e-02,4.189460743310000068e-01
2.063738153620000015e-01,2.018738628039999997e-02,4.217307096849999826e-01
2.069512858270000089e-01,2.028681821239999850e-02,4.245152819990000159e-01
2.075304493869999933e-01,2.038343240729999922e-02,4.272996302270000157e-01
2.081084833069999918e-01,2.060829716750000110e-02,4.299316376119999839e-01
2.086921220200000093e-01,2.069962799490000088e-02,4.327146713250000221e-01
2.092780203830000019e-01,2.078781642679999875e-02,4.354970065279999969e-01
2.098663693039999889e-01,2.087275248349999834e-02,4.382784855890000109e-01
2.104563723200000014e-01,2.108823208769999846e-02,4.409054844729999867e-01
2.110507001810000005e-01,2.116703139970000161e-02,4.436844137939999766e-01
2.116480309869999965e-01,2.137753926419999964e-02,4.463078318979999959e-01
2.122490847819999971e-01,2.144977942860000139e-02,4.490836130940000226e-01
2.128535351710000023e-01,2.151822568660000101e-02,4.518577777389999883e-01
2.134629925300000064e-01,2.172017148100000017e-02,4.544749224410000177e-01
2.140752853669999900e-01,2.178142196300000138e-02,4.572450609479999928e-01
2.146938789739999964e-01,2.197738551380000113e-02,4.598572087030000088e-01
2.153147456889999978e-01,2.203102095230000113e-02,4.626227573030000095e-01
2.159431802429999936e-01,2.222060374099999944e-02,4.652293704139999764e-01
2.165770071460000057e-01,2.240720834239999862e-02,4.678328593519999745e-01
2.172123073030000073e-01,2.244901386219999920e-02,4.705903416119999738e-01
2.178569991629999980e-01,2.262865107050000130e-02,4.731875287990000012e-01
2.185075764069999982e-01,2.280502666910000018e-02,4.757812265119999995e-01
2.191588608770000113e-01,2.283409067719999880e-02,4.785294929600000247e-01
2.198212848609999992e-01,2.300292168609999882e-02,4.811161697119999969e-01
2.204900629740000062e-01,2.316821315290000169e-02,4.836990173619999944e-01
2.211588144199999884e-01,2.318363884960000093e-02,4.864369951699999972e-01
2.218403683219999922e-01,2.334082028669999878e-02,4.890121573130000177e-01
2.225287154939999956e-01,2.349419095569999991e-02,4.915831798149999932e-01
2.232239924049999880e-01,2.364366400699999954e-02,4.941499677469999852e-01
2.239263313490000018e-01,2.378915357360000121e-02,4.967124299360000106e-01
2.246358602400000126e-01,2.393057483160000026e-02,4.992704790970000084e-01
2.253440123809999918e-01,2.391692349509999885e-02,5.019847495710000329e-01
2.260679580140000089e-01,2.404916137880000124e-02,5.045339853860000279e-01
2.267994565149999975e-01,2.417707774540000035e-02,5.070785665239999629e-01
2.275386162069999996e-01,2.430059261260000131e-02,5.096184226609999923e-01
2.282855399450000045e-01,2.441962742019999910e-02,5.121534880770000076e-01
2.290403248829999960e-01,2.453410512349999892e-02,5.146837018080000492e-01
2.298030622389999889e-01,2.464395029560000061e-02,5.172090078030000537e-01
2.305738370590000030e-01,2.474908923780000033e-02,5.197293550889999780e-01
2.313638289709999962e-01,2.500690532040000108e-02,5.220820391539999772e-01
2.321511740659999989e-01,2.510326113429999992e-02,5.245921145409999653e-01
2.329467642680000117e-01,2.519470710999999891e-02,5.270971148509999704e-01
2.337506573529999909e-01,2.528117778869999957e-02,5.295970111719999762e-01
2.345629036050000116e-01,2.536261015529999926e-02,5.320917806049999532e-01
2.353958583499999868e-01,2.560065197529999906e-02,5.344176848230000054e-01
2.362251566440000117e-01,2.567270173899999924e-02,5.369019555859999571e-01
2.370629029669999999e-01,2.573954667729999937e-02,5.393810732849999567e-01
2.379220430139999953e-01,2.596545808190000096e-02,5.416907357279999724e-01
2.387769302770000046e-01,2.602263346690000118e-02,5.441593759959999499e-01
2.396402811589999904e-01,2.607446740600000146e-02,5.466228998600000111e-01
2.405255574759999904e-01,2.628791030929999994e-02,5.489164804909999473e-01
2.414053312389999872e-01,2.633021476469999886e-02,5.513702273499999640e-01
2.422993269539999994e-01,2.654036848140000140e-02,5.536605647800000307e-01
2.431789541649999886e-01,2.658237486030000027e-02,5.561187221390000435e-01
2.440578207770000008e-01,2.662411408679999855e-02,5.585796746600000251e-01
2.449502146770000111e-01,2.683709867690000153e-02,5.608776989789999723e-01
2.458277236180000103e-01,2.687923212269999890e-02,5.633440603279999959e-01
2.467190709850000108e-01,2.709443804880000070e-02,5.656471454879999916e-01
2.475952005729999961e-01,2.713698770109999880e-02,5.681189093099999754e-01
2.483068616430000042e-01,2.727763717530000062e-02,5.707292893259999778e-01
2.487529914659999952e-01,2.739827281930000066e-02,5.737101643259999717e-01
2.491921206150000123e-01,2.752948074169999856e-02,5.766904241379999796e-01
2.496242392409999955e-01,2.767138558759999964e-02,5.796700626630000297e-01
2.500493371329999825e-01,2.782411199979999833e-02,5.826490738640000000e-01
2.504674037119999919e-01,2.798778461829999967e-02,5.856274517720000405e-01
2.508784280370000008e-01,2.816252807919999990e-02,5.886051904769999954e-01
2.512823987939999948e-01,2.834846701380000153e-02,5.915822841310000024e-01
2.516585174820000215e-01,2.837103194730000028e-02,5.947239637779999644e-01
2.519971948120000027e-01,2.848176648379999870e-02,5.978412253460000381e-01
2.522910462330000270e-01,2.870119252989999925e-02,6.009281001459999549e-01
2.525174580669999891e-01,2.885446011399999885e-02,6.041498910589999660e-01
2.526731252380000070e-01,2.894505688639999880e-02,6.075055721050000024e-01
2.527775205619999799e-01,2.915610442289999840e-02,6.108279446619999664e-01
2.528055825200000162e-01,2.931234584010000005e-02,6.142821620110000547e-01
2.527782064920000016e-01,2.959737625620000034e-02,6.177011057060000088e-01
2.526427986249999980e-01,2.965627499830000152e-02,6.214157164970000036e-01
2.524455332139999841e-01,2.985258749269999873e-02,6.250928878120000087e-01
2.521572106389999846e-01,3.001127288549999828e-02,6.288974258909999504e-01
2.517730614770000153e-01,3.013710997610000164e-02,6.328280902620000425e-01
2.513181933340000174e-01,3.041423244899999975e-02,6.367180677510000386e-01
2.507595714390000174e-01,3.066825860300000095e-02,6.407318153940000371e-01
2.500587713440000082e-01,3.072598315609999936e-02,6.450332712459999618e-01
2.492740960150000018e-01,3.095041424610000050e-02,6.492903688600000223e-01
2.483676714080000070e-01,3.116850196530000089e-02,6.536670988149999584e-01
2.473326498569999865e-01,3.138628853949999853e-02,6.581620031420000183e-01
2.461616770120000075e-01,3.161005453710000190e-02,6.627735828830000342e-01
2.448468407599999896e-01,3.184631830870000152e-02,6.675002980309999723e-01
2.433796116149999911e-01,3.210183483839999796e-02,6.723405675279999771e-01
2.417507728620000018e-01,3.238359400400000337e-02,6.772927693420000006e-01
2.399027456860000074e-01,3.252495031899999695e-02,6.825191399850000229e-01
2.379174532199999914e-01,3.288195953780000125e-02,6.876899637290000422e-01
2.356850786599999914e-01,3.311555158420000089e-02,6.931310695290000545e-01
2.332397180820000027e-01,3.340769755950000197e-02,6.986767453709999964e-01
2.305079789339999907e-01,3.359667825459999868e-02,7.044881525010000534e-01
2.275254037380000094e-01,3.386332154570000086e-02,7.103998998010000454e-01
2.242729491269999931e-01,3.421658859340000192e-02,7.164100261360000221e-01
2.206599092729999989e-01,3.449915792529999886e-02,7.226788037700000444e-01
2.166493507399999963e-01,3.472436441480000052e-02,7.292034045430000333e-01
2.122769697580000059e-01,3.506994365490000154e-02,7.358191656170000039e-01
2.074247015610000133e-01,3.538374854759999966e-02,7.426853877729999720e-01
2.021247176669999923e-01,3.584153901010000282e-02,7.496378126470000236e-01
1.961350871060000001e-01,3.613567027299999929e-02,7.569959789379999693e-01
1.894553295039999863e-01,3.644463356699999962e-02,7.645951872990000009e-01
1.819805545150000037e-01,3.678519246740000193e-02,7.724321312880000345e-01
1.735770699889999935e-01,3.717470796109999948e-02,7.805034212420000062e-01
1.640694323259999921e-01,3.763113249200000093e-02,7.888055840380000516e-01
1.530657685640000043e-01,3.802288917100000304e-02,7.974944926610000318e-01
1.403368298469999942e-01,3.852330680749999764e-02,8.064064520639999678e-01
1.249361863690000019e-01,3.886043554139999995e-02,8.158553422730000504e-01
1.061891448820000000e-01,3.935548171460000189e-02,8.255184416330000330e-01
8.181464905759999739e-02,3.988855055729999960e-02,8.355499840310000037e-01
7.341331436659999377e-02,4.884606445820000031e-02,8.356938754189999763e-01
6.830451419739999586e-02,5.813939465870000128e-02,8.340622204340000234e-01
6.280720497149999693e-02,6.655300014409999687e-02,8.323961543579999622e-01
5.685164245669999811e-02,7.429412785620000126e-02,8.306964169189999803e-01
5.034156605710000260e-02,8.150038861139999313e-02,8.289637466629999896e-01
4.313811650109999896e-02,8.826842836680000304e-02,8.271988800959999555e-01
3.959162104379999880e-02,9.518325042059999630e-02,8.241774781699999775e-01
3.919384968189999763e-02,1.020595022639999988e-01,8.202240134630000012e-01
3.926724967950000200e-02,1.086009878020000041e-01,8.161115892169999997e-01
3.871769060509999694e-02,1.147488484849999990e-01,8.121449592149999619e-01
3.864542111199999880e-02,1.206513074529999979e-01,8.080230723439999485e-01
3.850703685850000169e-02,1.262891452969999995e-01,8.038983730119999560e-01
3.830762204470000015e-02,1.316910805189999978e-01,7.997718353370000255e-01
3.805204618599999922e-02,1.368809025909999977e-01,7.956444139170000263e-01
3.774496735940000014e-02,1.418785775249999936e-01,7.915170435930000137e-01
3.792126252209999937e-02,1.467352375579999979e-01,7.872452234710000107e-01
3.752178706889999771e-02,1.513951077659999866e-01,7.831215629309999926e-01
3.760870498849999688e-02,1.559374681029999932e-01,7.788570015560000170e-01
3.713310713970000010e-02,1.603107468119999990e-01,7.747405670400000499e-01
3.714623302549999867e-02,1.645839741269999879e-01,7.704867162630000266e-01
3.660925991769999749e-02,1.687098239579999936e-01,7.663808595559999937e-01
3.656269809030000123e-02,1.727489570040000033e-01,7.621410052129999890e-01
3.648982549029999856e-02,1.766812097740000087e-01,7.579097854349999830e-01
3.639368057410000135e-02,1.805128934770000027e-01,7.536879632490000036e-01
3.577017268089999896e-02,1.842290180739999950e-01,7.496135762640000477e-01
3.563853218649999655e-02,1.878772207340000111e-01,7.454118347899999497e-01
3.549178742019999666e-02,1.914403742330000047e-01,7.412216541470000308e-01
3.533238446390000315e-02,1.949227869150000070e-01,7.370437161859999531e-01
3.516263734189999796e-02,1.983284112710000102e-01,7.328786829529999602e-01
3.498473433470000032e-02,2.016608853280000002e-01,7.287271969470000554e-01
3.480074423309999915e-02,2.049235680170000129e-01,7.245898813869999788e-01
3.461262251399999795e-02,2.081195695439999882e-01,7.204673404889999633e-01
3.442221742229999853e-02,2.112517775989999902e-01,7.163601597659999820e-01
3.423127594480000063e-02,2.143228800789999944e-01,7.122689063239999729e-01
3.404144966170000175e-02,2.173353848619999917e-01,7.081941291840000430e-01
3.385430046699999806e-02,2.202916370920000033e-01,7.041363595990000057e-01
3.367130614560000235e-02,2.231938343419999915e-01,7.000961113839999639e-01
3.349386580150000292e-02,2.260440399639999931e-01,6.960738812519999819e-01
3.332330512739999778e-02,2.288441948870000020e-01,6.920701491530000249e-01
3.316088151319999955e-02,2.315961280630000063e-01,6.880853786160000540e-01
3.300778898549999729e-02,2.343015657710000033e-01,6.841200170990000551e-01
3.239716622549999869e-02,2.369545982129999950e-01,6.802958485300000246e-01
3.226806725829999695e-02,2.395723853399999992e-01,6.763696349250000184e-01
3.215150662820000227e-02,2.421483008380000135e-01,6.724640792099999542e-01
3.204847005360000195e-02,2.446837358670000129e-01,6.685795681520000366e-01
3.195990200360000061e-02,2.471800125599999953e-01,6.647164741959999956e-01
3.188670959619999828e-02,2.496383888879999957e-01,6.608751558100000034e-01
3.137284334300000088e-02,2.520554676239999958e-01,6.571716068320000437e-01
3.133471316590000222e-02,2.544420214449999995e-01,6.533739089160000013e-01
3.131444600210000345e-02,2.567940932459999992e-01,6.495989815889999797e-01
3.086077860440000070e-02,2.591094113469999960e-01,6.459599271529999909e-01
3.088017647950000097e-02,2.613960028530000201e-01,6.422304953390000071e-01
3.047061767930000012e-02,2.636485754940000037e-01,6.386356119799999620e-01
3.053250859879999904e-02,2.658734602510000045e-01,6.349528046839999496e-01
3.016963712090000096e-02,2.680668589269999957e-01,6.314031763540000064e-01
3.027673246770000090e-02,2.702335019579999997e-01,6.277680318939999893e-01
2.996302503519999993e-02,2.723710111700000103e-01,6.242646549620000096e-01
2.967538206229999864e-02,2.744818987350000072e-01,6.207842779319999726e-01
2.941435279659999902e-02,2.765668835110000057e-01,6.173271198409999716e-01
2.962090437579999874e-02,2.786266958140000138e-01,6.137891302160000118e-01
2.941373231309999878e-02,2.806616024820000055e-01,6.103799743750000228e-01
2.923485543080000040e-02,2.826726114420000102e-01,6.069946379830000183e-01
2.908481867910000032e-02,2.846603396410000153e-01,6.036333037019999681e-01
2.896416981469999985e-02,2.866253816450000103e-01,6.002961457990000360e-01
2.843755690879999978e-02,2.885698065260000056e-01,5.970828731499999709e-01
2.837809485129999879e-02,2.904914627799999871e-01,5.937936176270000033e-01
2.834964168940000070e-02,2.923920864460000102e-01,5.905290144779999917e-01
2.835276890689999996e-02,2.942721926030000268e-01,5.872892070190000036e-01
2.795472177329999877e-02,2.961348904130000070e-01,5.841701183619999460e-01
2.802329897769999939e-02,2.979757015200000247e-01,5.809793669909999458e-01
2.769275296609999965e-02,2.998005698880000236e-01,5.779077165699999519e-01
2.739687264349999901e-02,3.016073175519999872e-01,5.748594996029999793e-01
2.756794165430000165e-02,3.033927177819999987e-01,5.717427780730000020e-01
2.734257276200000031e-02,3.051642221699999991e-01,5.687426928790000336e-01
2.715334766079999934e-02,3.069188288179999780e-01,5.657663625909999938e-01
2.700076592809999912e-02,3.086569178860000262e-01,5.628138834789999656e-01
2.688533993789999840e-02,3.103788574110000198e-01,5.598853465230000381e-01
2.680759533629999830e-02,3.120850037630000240e-01,5.569808376060000343e-01
2.676807146490000136e-02,3.137757020770000072e-01,5.541004377010000370e-01
2.633596174609999924e-02,3.154565804919999827e-01,5.513297835279999948e-01
2.637440558299999904e-02,3.171175960659999848e-01,5.484969033340000300e-01
2.602092501659999946e-02,3.187698654169999757e-01,5.457720669090000420e-01
2.613944986440000159e-02,3.204024413400000104e-01,5.429869807699999606e-01
2.586655903589999903e-02,3.220272939989999861e-01,5.403082244960000224e-01
2.563451404629999916e-02,3.236389676720000108e-01,5.376521386749999465e-01
2.587716920359999992e-02,3.252311557209999759e-01,5.349387284959999933e-01
2.572881905260000074e-02,3.268170665790000040e-01,5.323290591889999757e-01
2.562285463800000052e-02,3.283905843370000244e-01,5.297422140669999502e-01
2.512463850830000053e-02,3.299591344719999819e-01,5.272555506849999629e-01
2.510433420390000003e-02,3.315087924940000041e-01,5.247135755020000403e-01
2.512798240300000152e-02,3.330467708729999976e-01,5.221945511190000389e-01
2.475866318230000168e-02,3.345810574079999822e-01,5.197731009820000248e-01
2.487107898519999929e-02,3.360965344269999933e-01,5.172991766510000033e-01
2.458982571839999839e-02,3.376091260390000071e-01,5.149210810430000507e-01
2.479319011509999865e-02,3.391029417509999755e-01,5.124923834779999687e-01
2.460203398589999937e-02,3.405946464499999826e-01,5.101577637759999728e-01
2.445616197270000097e-02,3.420762876819999909e-01,5.078444713319999471e-01
2.435607298419999872e-02,3.435480489139999816e-01,5.055525306700000554e-01
2.430227955829999953e-02,3.450101084689999875e-01,5.032819641929999754e-01
2.429530779590000078e-02,3.464626396839999845e-01,5.010327922789999944e-01
2.388817221700000049e-02,3.479152187549999775e-01,4.988715156970000009e-01
2.397509979599999827e-02,3.493493685899999868e-01,4.966642917249999845e-01
2.366008788220000034e-02,3.507842353300000271e-01,4.945432082980000255e-01
2.384297524020000114e-02,3.522006353320000227e-01,4.923779962579999947e-01
2.362200046149999857e-02,3.536183982900000244e-01,4.902971676560000103e-01
2.344798702640000024e-02,3.550279116730000184e-01,4.882360408840000221e-01
2.332140213090000067e-02,3.564293142459999952e-01,4.861946278070000127e-01
2.324272503820000099e-02,3.578227410429999922e-01,4.841729389009999940e-01
2.321244696730000168e-02,3.592083234740000020e-01,4.821709833210000018e-01
2.323107097470000076e-02,3.605861894269999923e-01,4.801887689720000241e-01
2.283526994559999940e-02,3.619675552780000083e-01,4.782838936659999929e-01
2.295135044740000130e-02,3.633305204310000036e-01,4.763402973929999895e-01
2.265014418169999932e-02,3.646975461540000185e-01,4.744722860300000233e-01
2.286563695619999934e-02,3.660460784039999971e-01,4.725673299090000223e-01
2.266083603980000027e-02,3.673992156890000249e-01,4.707362042670000246e-01
2.250388795360000124e-02,3.687456496370000170e-01,4.689230877100000194e-01
2.239523107059999962e-02,3.700854836610000254e-01,4.671279837980000238e-01
2.233531403899999962e-02,3.714188185060000036e-01,4.653508952609999860e-01
2.232459565719999844e-02,3.727457523159999897e-01,4.635918240429999782e-01
2.236354474729999875e-02,3.740663807049999789e-01,4.618507713610000009e-01
2.196748350569999869e-02,3.753934633079999972e-01,4.601765408580000272e-01
2.210482514660000106e-02,3.767019110009999783e-01,4.584706520999999868e-01
2.180327119199999830e-02,3.780172958510000236e-01,4.568298385830000252e-01
2.204081240169999956e-02,3.793139140260000097e-01,4.551591140230000221e-01
2.183543027060000016e-02,3.806179407499999945e-01,4.535517184860000106e-01
2.167749688320000021e-02,3.819164851440000064e-01,4.519605956300000171e-01
2.156741137550000076e-02,3.832096252639999867e-01,4.503857448340000125e-01
2.150558146970000042e-02,3.844974372280000052e-01,4.488271650110000066e-01
2.149242335729999870e-02,3.857799952659999865e-01,4.472848546370000178e-01
2.152836158289999843e-02,3.870573717649999912e-01,4.457588117879999756e-01
2.161382892689999932e-02,3.883296373139999980e-01,4.442490341729999903e-01
2.123539594080000106e-02,3.896111663540000047e-01,4.427947514389999895e-01
2.141837857250000060e-02,3.908735606439999732e-01,4.413166299449999830e-01
2.113254870410000152e-02,3.921456401930000224e-01,4.398922664100000102e-01
2.089211362839999905e-02,3.934131619890000042e-01,4.384824267329999747e-01
2.122298404869999919e-02,3.946613058449999767e-01,4.370513366459999882e-01
2.107740114569999976e-02,3.959197515630000219e-01,4.356714016970000269e-01
2.097830834909999997e-02,3.971738188930000191e-01,4.343059829950000061e-01
2.092607130000000148e-02,3.984235646559999844e-01,4.329550777139999918e-01
2.092106253890000170e-02,3.996690443170000107e-01,4.316186828320000002e-01
2.096366140599999900e-02,4.009103120190000147e-01,4.302967951530000112e-01
2.050993399230000014e-02,4.021631510800000031e-01,4.290200087889999847e-01
2.064564256960000135e-02,4.033962925930000276e-01,4.277262644100000011e-01
2.083009506469999869e-02,4.046253766940000052e-01,4.264470171959999778e-01
2.050947833949999868e-02,4.058666013050000188e-01,4.252102796030000076e-01
2.023167452110000153e-02,4.071041427050000050e-01,4.239863123859999861e-01
2.055794816430000019e-02,4.083216238469999926e-01,4.227488151950000161e-01
2.037010114779999950e-02,4.095517993209999985e-01,4.215512389619999745e-01
2.022601645179999963e-02,4.107784270429999940e-01,4.203664239959999938e-01
2.012600923090000077e-02,4.120015500259999741e-01,4.191943672010000066e-01
2.007040022660000131e-02,4.132212103049999752e-01,4.180350654200000182e-01
2.005951568709999841e-02,4.144374489550000096e-01,4.168885154459999742e-01
2.009368728770000168e-02,4.156503061169999902e-01,4.157547140399999730e-01
1.993530667609999876e-02,4.168674136030000033e-01,4.146355358689999826e-01
2.015664471899999977e-02,4.180729242319999872e-01,4.134979373279999981e-01
2.037540384319999967e-02,4.192781946779999824e-01,4.123554102690000223e-01
2.059180533280000058e-02,4.204832192819999981e-01,4.112079496989999861e-01
2.021576618780000084e-02,4.217056018779999915e-01,4.100720219219999851e-01
2.042650725909999840e-02,4.229101886489999851e-01,4.089137366230000126e-01
2.063554730850000046e-02,4.241145122769999776e-01,4.077505021410000041e-01
2.084311702249999967e-02,4.253185670599999857e-01,4.065823140820000181e-01
2.045260167929999900e-02,4.265402358200000021e-01,4.054218567449999755e-01
2.065622886210000120e-02,4.277438055950000262e-01,4.042427992420000171e-01
2.085907011980000017e-02,4.289470891100000127e-01,4.030587743640000054e-01
2.106136533010000145e-02,4.301500806260000198e-01,4.018697784179999788e-01
2.065963297270000110e-02,4.313709376809999885e-01,4.006846873689999811e-01
2.085977639199999845e-02,4.325733967520000167e-01,3.994847823980000046e-01
2.106008527979999836e-02,4.337755463190000049e-01,3.982798947389999955e-01
2.126080844550000057e-02,4.349773806169999757e-01,3.970700215069999928e-01
2.085126054190000050e-02,4.361973276850000247e-01,3.958602027240000210e-01
2.105169351379999887e-02,4.373985819089999949e-01,3.946393868679999861e-01
2.125327854420000148e-02,4.385995032969999818e-01,3.934135763489999826e-01
2.145627306299999898e-02,4.398000860669999956e-01,3.921827692240000274e-01
2.104244913949999962e-02,4.410190245949999754e-01,3.909481405240000096e-01
2.124708351649999896e-02,4.422189795440000237e-01,3.897063641360000164e-01
2.145389042720000083e-02,4.434185782749999749e-01,3.884595849890000174e-01
2.166313555530000046e-02,4.446178149980000160e-01,3.872078022300000089e-01
2.124870814829999885e-02,4.458356463140000225e-01,3.859482952700000191e-01
2.146158880490000101e-02,4.470342074299999968e-01,3.846855247100000041e-01
2.167769481900000059e-02,4.482323889350000035e-01,3.834177477960000191e-01
2.189729970220000155e-02,4.494301850440000079e-01,3.821449649370000090e-01
2.148606843149999945e-02,4.506468105149999959e-01,3.808605275370000043e-01
2.171136683239999893e-02,4.518438832730000132e-01,3.795767477649999999e-01
2.194097398540000021e-02,4.530405530600000175e-01,3.782879632689999938e-01
2.217517074120000167e-02,4.542368141059999753e-01,3.769941759250000080e-01
2.177105544779999943e-02,4.554521353079999946e-01,3.756847747779999969e-01
2.201306223640000018e-02,4.566476253899999782e-01,3.743799923730000145e-01
2.226048970899999896e-02,4.578426892179999763e-01,3.730702129410000123e-01
2.186380837169999911e-02,4.590569827709999884e-01,3.717418299320000008e-01
2.212065838860000078e-02,4.602512399420000122e-01,3.704210638959999913e-01
2.238377493569999876e-02,4.614450534160000061e-01,3.690953105620000119e-01
2.265345033080000056e-02,4.626384174739999744e-01,3.677645749449999779e-01
2.227098893479999980e-02,4.638512352940000194e-01,3.664112226469999900e-01
2.255229509030000010e-02,4.650437455349999971e-01,3.650695258769999785e-01
2.284102393900000125e-02,4.662357890439999819e-01,3.637228625319999797e-01
2.247140355870000036e-02,4.674474508770000147e-01,3.623505506029999768e-01
2.277343868369999941e-02,4.686386053289999798e-01,3.609929546219999841e-01
2.241290779499999913e-02,4.698494852840000013e-01,3.596076772189999993e-01
2.272936493589999829e-02,4.710397271680000220e-01,3.582391714220000134e-01
2.305470358229999919e-02,4.722294736570000206e-01,3.568657358649999778e-01
2.271096446700000132e-02,4.734391067300000033e-01,3.554615545559999812e-01
2.305243767100000063e-02,4.746279058810000118e-01,3.540772555039999880e-01
2.272041693820000055e-02,4.758366964749999872e-01,3.526601554329999999e-01
2.307916269630000058e-02,4.770245251360000216e-01,3.512650285860000055e-01
2.344827633720000110e-02,4.782118301769999746e-01,3.498650256770000078e-01
2.313708202790000154e-02,4.794192843669999871e-01,3.484291229340000240e-01
2.352521011049999930e-02,4.806055847440000028e-01,3.470183600899999776e-01
2.322841269570000144e-02,4.818121368830000084e-01,3.455696182610000222e-01
2.363671006359999854e-02,4.829974098879999955e-01,3.441481467790000193e-01
2.335538355989999829e-02,4.842030363820000183e-01,3.426866071290000093e-01
2.378501015790000089e-02,4.853872595100000020e-01,3.412544853830000169e-01
2.352023339469999988e-02,4.865919369810000061e-01,3.397801959849999776e-01
2.326280235000000030e-02,4.877961579639999989e-01,3.382990152859999822e-01
2.372520888560000069e-02,4.889787932460000208e-01,3.368505062889999846e-01
2.348593221520000121e-02,4.901820303239999843e-01,3.353566581160000171e-01
2.397256253699999937e-02,4.913635602249999956e-01,3.338976757279999985e-01
2.375252673109999949e-02,4.925657906259999774e-01,3.323912275659999804e-01
2.354113336480000152e-02,4.937675353189999727e-01,3.308779608169999942e-01
2.406484319329999996e-02,4.949473946969999982e-01,3.294028878390000137e-01
2.387430197240000135e-02,4.961480988170000050e-01,3.278771351040000170e-01
2.369317855579999854e-02,4.973483000630000150e-01,3.263446197120000170e-01
2.425653734019999827e-02,4.985264404010000261e-01,3.248536752580000186e-01
2.409787631680000014e-02,4.997255678420000069e-01,3.233088100570000178e-01
2.394940715419999894e-02,5.009241755929999540e-01,3.217572494550000051e-01
2.455497861369999868e-02,5.021005493989999513e-01,3.202506900859999894e-01
2.443057699089999993e-02,5.032980508309999879e-01,3.186869408340000098e-01
2.431713792839999833e-02,5.044950161319999848e-01,3.171165762250000020e-01
2.421491066699999958e-02,5.056914398259999555e-01,3.155396243170000004e-01
2.487969778780000155e-02,5.068654042660000192e-01,3.140123366500000013e-01
2.480364975139999831e-02,5.080606793420000544e-01,3.124234518160000085e-01
2.473957642690000069e-02,5.092553969180000362e-01,3.108280792429999884e-01
2.468772388409999977e-02,5.104495517079999933e-01,3.092262538719999787e-01
2.464833720699999980e-02,5.116431384790000036e-01,3.076180125130000276e-01
2.462166040689999988e-02,5.128361520490000158e-01,3.060033939199999775e-01
2.460793633609999892e-02,5.140285872880000495e-01,3.043824388760000277e-01
2.460740659860000124e-02,5.152204391229999736e-01,3.027551902730000188e-01
2.462031146039999827e-02,5.164117025319999721e-01,3.011216932019999959e-01
2.543034396419999871e-02,5.175800222659999728e-01,2.995487857410000232e-01
2.547401555680000110e-02,5.187700470560000499e-01,2.979041426819999949e-01
2.553185219769999945e-02,5.199594689500000033e-01,2.962534074929999983e-01
2.560408776630000022e-02,5.211482831610000366e-01,2.945966351809999884e-01
2.489465884549999994e-02,5.223590215059999986e-01,2.928622246959999842e-01
2.499313034039999867e-02,5.235466521780000049e-01,2.911923188189999845e-01
2.510667303130000028e-02,5.247336609270000229e-01,2.895165498369999812e-01
2.523551309969999934e-02,5.259200432149999660e-01,2.878349840569999762e-01
2.537987452640000016e-02,5.271057945710000414e-01,2.861476909630000232e-01
2.553997898930000093e-02,5.282909105899999958e-01,2.844547433460000163e-01
2.571604576170000156e-02,5.294753869349999587e-01,2.827562174389999794e-01
2.590829160790000113e-02,5.306592193410000213e-01,2.810521930659999890e-01
2.611693067950000141e-02,5.318424036090000362e-01,2.793427537859999865e-01
2.551604598390000075e-02,5.330478721260000219e-01,2.775449098130000070e-01
2.575468886910000157e-02,5.342297915520000107e-01,2.758235952090000165e-01
2.601033393760000118e-02,5.354110504419999916e-01,2.740971308219999902e-01
2.628318400600000021e-02,5.365916448949999973e-01,2.723656165539999896e-01
2.573366773569999919e-02,5.377946762790000168e-01,2.705407626010000177e-01
2.603804350220000063e-02,5.389739732070000233e-01,2.687981145089999857e-01
2.636019741209999837e-02,5.401525942129999924e-01,2.670507338970000144e-01
2.585017377999999921e-02,5.413537636009999598e-01,2.652062441320000019e-01
2.620492222420000086e-02,5.425310640899999592e-01,2.634483757709999985e-01
2.657799196590000107e-02,5.437076778980000080e-01,2.616861372570000177e-01
2.610890124079999833e-02,5.449069500250000031e-01,2.598229628150000026e-01
2.651557338580000020e-02,5.460822218099999903e-01,2.580509757700000240e-01
2.607336864949999847e-02,5.472802226820000504e-01,2.561754591689999749e-01
2.651426877130000012e-02,5.484541387979999794e-01,2.543942655800000008e-01
2.697431641810000072e-02,5.496273519250000072e-01,2.526094177909999905e-01
2.657522492139999942e-02,5.508234016270000533e-01,2.507171119750000177e-01
2.707039517939999890e-02,5.519952402059999930e-01,2.489239795729999982e-01
2.669952719749999967e-02,5.531899845150000106e-01,2.470207237100000008e-01
2.723036599989999904e-02,5.543604367169999714e-01,2.452199825240000131e-01
2.688819658110000108e-02,5.555538631730000398e-01,2.433064220199999961e-01
2.655875193450000019e-02,5.567466433279999460e-01,2.413871841159999920e-01
2.714218679260000169e-02,5.579150148449999458e-01,2.395756503890000000e-01
2.684207866919999935e-02,5.591064596550000543e-01,2.376471742329999970e-01
2.746238149019999963e-02,5.602734183530000411e-01,2.358299851129999902e-01
2.719200071580000003e-02,5.614635173269999502e-01,2.338930772910000067e-01
2.693479645249999971e-02,5.626529561199999918e-01,2.319514478589999873e-01
2.760929283490000039e-02,5.638177976039999706e-01,2.301266887039999931e-01
2.738232309929999886e-02,5.650058761180000166e-01,2.281779601210000008e-01
2.716874645960000098e-02,5.661932873199999605e-01,2.262251914510000073e-01
2.789821701149999833e-02,5.673559932680000140e-01,2.243951441900000066e-01
2.771529886500000150e-02,5.685420316699999477e-01,2.224367965969999972e-01
2.754594942359999896e-02,5.697273966060000250e-01,2.204751878510000096e-01
2.739021480899999847e-02,5.709120861609999764e-01,2.185105935420000034e-01
2.724813662380000043e-02,5.720960985359999640e-01,2.165433016030000046e-01
2.806803488370000071e-02,5.732552362470000329e-01,2.147091630240000049e-01
2.795711733210000036e-02,5.744378590719999567e-01,2.127392787830000020e-01
2.785996126150000127e-02,5.756198002710000150e-01,2.107676662440000070e-01
2.777658950180000169e-02,5.768010585110000532e-01,2.087946687710000027e-01
2.770702022289999941e-02,5.779816325800000154e-01,2.068206448680000031e-01
2.765126692109999909e-02,5.791615213880000335e-01,2.048459688050000005e-01
2.858028484780000128e-02,5.803163455890000266e-01,2.030182491639999920e-01
2.855596644619999916e-02,5.814948324159999737e-01,2.010455088230000131e-01
2.854548167719999849e-02,5.826726317179999892e-01,1.990733700869999900e-01
2.854882488359999915e-02,5.838497429060000021e-01,1.971022774450000015e-01
2.856598573740000077e-02,5.850261655199999744e-01,1.951326945009999869e-01
2.859694925889999864e-02,5.862018992299999898e-01,1.931651046860000109e-01
2.864169584050000120e-02,5.873769438379999874e-01,1.912000120010000082e-01
2.870020127750000025e-02,5.885512992779999841e-01,1.892379417600000002e-01
2.877243680479999940e-02,5.897249656190000078e-01,1.872794413489999865e-01
2.885836913960000000e-02,5.908979430670000532e-01,1.853250809979999914e-01
2.895796053109999865e-02,5.920702319659999491e-01,1.833754545469999941e-01
2.907116881610000148e-02,5.932418327970000460e-01,1.814311802320000000e-01
2.919794748150000147e-02,5.944127461849999516e-01,1.794929014520000032e-01
2.933824573379999884e-02,5.955829728949999513e-01,1.775612875500000021e-01
2.846780470080000069e-02,5.967772697980000540e-01,1.754581577609999887e-01
2.863115820130000128e-02,5.979461510129999713e-01,1.735394668880000102e-01
2.880785504599999922e-02,5.991143484559999788e-01,1.716295752919999862e-01
2.899782861169999948e-02,6.002818634830000555e-01,1.697292633910000015e-01
2.920100843979999902e-02,6.014486975999999707e-01,1.678393412280000108e-01
2.941732034510000093e-02,6.026148524669999729e-01,1.659606491080000135e-01
2.964668652950000136e-02,6.037803299009999458e-01,1.640940581700000012e-01
2.883826054339999959e-02,6.049700520459999620e-01,1.620430019000000110e-01
2.908969009860000107e-02,6.061342038060000270e-01,1.602005656080000007e-01
2.935392439760000152e-02,6.072976842730000158e-01,1.583729977770000075e-01
2.963087291439999924e-02,6.084604959129999990e-01,1.565612979129999971e-01
2.992044216590000055e-02,6.096226413559999724e-01,1.547664982309999993e-01
2.915293191459999989e-02,6.108091513840000486e-01,1.527777042319999889e-01
2.946367900779999979e-02,6.119699947810000040e-01,1.510169645660000004e-01
2.978675668159999970e-02,6.131301806479999561e-01,1.492763861249999935e-01
3.012206156569999932e-02,6.142897123170000251e-01,1.475571321739999886e-01
2.938493962050000088e-02,6.154737016969999974e-01,1.456361419549999925e-01
2.974063673219999940e-02,6.166319564050000146e-01,1.439600579589999929e-01
3.010824668029999859e-02,6.177895677670000030e-01,1.423089486830000083e-01
3.048765870720000076e-02,6.189465398760000125e-01,1.406840990429999994e-01
2.977939142209999959e-02,6.201280615469999535e-01,1.388497676060000130e-01
3.017836103819999949e-02,6.212837878510000245e-01,1.372782104630000111e-01
3.058880163440000008e-02,6.224388881289999453e-01,1.357369056059999912e-01
2.990023529679999847e-02,6.236186048820000494e-01,1.339802614839999961e-01
3.032959216759999882e-02,6.247724869180000251e-01,1.325003957529999887e-01
3.077008146989999859e-02,6.259257580920000175e-01,1.310549706059999930e-01
3.010032377990000049e-02,6.271037122779999917e-01,1.293883921710000107e-01
3.055908012360000064e-02,6.282557968180000341e-01,1.280128985639999994e-01
3.102862666200000008e-02,6.294072877669999455e-01,1.266761425980000022e-01
3.037678601309999962e-02,6.305835280960000455e-01,1.251124805870000023e-01
3.086394909090000097e-02,6.317338684379999458e-01,1.238542949989999975e-01
3.022239681960000104e-02,6.329090006840000227e-01,1.223652658990000003e-01
3.072675311109999974e-02,6.340582169520000422e-01,1.211913770629999970e-01
3.124133368220000095e-02,6.352068736020000106e-01,1.200632952179999935e-01
3.061624732250000161e-02,6.363803888529999675e-01,1.186987203949999986e-01
3.114737958040000171e-02,6.375279659329999848e-01,1.176631862869999962e-01
3.053164963389999945e-02,6.387004446870000463e-01,1.163872651450000018e-01
3.107891926790000078e-02,6.398469749709999599e-01,1.154494311010000052e-01
3.163585533149999851e-02,6.409929874069999478e-01,1.145636490749999958e-01
3.103518330399999969e-02,6.421639696269999531e-01,1.134318890340000052e-01
3.160762794960000205e-02,6.433089902290000106e-01,1.126505725660000012e-01
3.101540857470000065e-02,6.444790251249999935e-01,1.116193717030000004e-01
3.160295391660000036e-02,6.456230945549999989e-01,1.109462725409999934e-01
3.101883426519999945e-02,6.467922237259999818e-01,1.100193454769999996e-01
3.162107145299999922e-02,6.479353864779999750e-01,1.094573998099999945e-01
3.104468708300000060e-02,6.491036568979999810e-01,1.086375223959999969e-01
3.165705201130000063e-02,6.502465719719999759e-01,1.081397618809999961e-01
3.107836443800000154e-02,6.514154538180000342e-01,1.073134573789999990e-01
3.169367585700000323e-02,6.525591741120000400e-01,1.067967235099999967e-01
3.231218101419999766e-02,6.537032897040000456e-01,1.062713442889999943e-01
3.172947828239999768e-02,6.548734068529999952e-01,1.054094651709999997e-01
3.235096328440000002e-02,6.560183255949999515e-01,1.048639991349999967e-01
3.176447105190000064e-02,6.571892674189999672e-01,1.039761418919999958e-01
3.152142546370000076e-02,6.583523243140000369e-01,1.032645332279999995e-01
3.145389670930000270e-02,6.595081426279999492e-01,1.029743241570000023e-01
3.261058906079999931e-02,6.606386089189999478e-01,1.030204661350000023e-01
3.255480647290000251e-02,6.617949822630000423e-01,1.027266364089999967e-01
3.250363611649999956e-02,6.629516305010000332e-01,1.024302365369999940e-01
3.245711366980000290e-02,6.641085532570000227e-01,1.021312433179999979e-01
3.241527489490000219e-02,6.652657501509999793e-01,1.018296331539999960e-01
3.237815563759999932e-02,6.664232208079999831e-01,1.015253820439999954e-01
3.234579182760000116e-02,6.675809648499999582e-01,1.012184655699999991e-01
3.239903407200000335e-02,6.687375509320000466e-01,1.009073024539999947e-01
3.258752460239999760e-02,6.698921118120000351e-01,1.005909006769999947e-01
3.291341618480000258e-02,6.710446250970000248e-01,1.002691777579999971e-01
3.213479039310000035e-02,6.722206210150000194e-01,9.958751966060000460e-02
3.274484436910000268e-02,6.733688717600000428e-01,9.925311154049999696e-02
3.225334060340000197e-02,6.745404826119999475e-01,9.855411819010000130e-02
3.316335800879999934e-02,6.756842596319999616e-01,9.820641171379999868e-02
3.297480282549999919e-02,6.768512760060000355e-01,9.748928438489999626e-02
3.294245355460000135e-02,6.780159125160000189e-01,9.676133963770000568e-02
3.307024857159999998e-02,6.791781185769999452e-01,9.602229731469999474e-02
3.336211493949999690e-02,6.803378442349999888e-01,9.527186759769999680e-02
3.255729347789999839e-02,6.815205355729999637e-01,9.413326993270000609e-02
3.318683827780000151e-02,6.826751395110000065e-01,9.335595425609999332e-02
3.272325136569999987e-02,6.838525798040000492e-01,9.218206627620000038e-02
3.370619924669999989e-02,6.850018674700000254e-01,9.137619572209999819e-02
3.359966878699999909e-02,6.861738627079999597e-01,9.016478797389999855e-02
3.367659639540000055e-02,6.873430540699999591e-01,8.893123150329999838e-02
3.394095657539999977e-02,6.885093940890000264e-01,8.767470246139999479e-02
3.311785058200000104e-02,6.896982011929999601e-01,8.598507818270000047e-02
3.376710496629999753e-02,6.908586770869999949e-01,8.467429910220000688e-02
3.333322652600000102e-02,6.920414803440000373e-01,8.291519254870000077e-02
3.309915433579999761e-02,6.932211985520000397e-01,8.111497018999999642e-02
3.306895747420000170e-02,6.943977851239999666e-01,7.927141451779999570e-02
3.324670603430000121e-02,6.955711938330000343e-01,7.738210445660000103e-02
3.363647131479999969e-02,6.967413787989999996e-01,7.544438803790000370e-02
3.424232597859999672e-02,6.979082944829999580e-01,7.345535019589999326e-02
3.377612661920000037e-02,6.990970479420000050e-01,7.093233863490000513e-02
3.353124038219999770e-02,7.002823808910000336e-01,6.832577789890000031e-02
3.351185280169999975e-02,7.014642476579999730e-01,6.562859791370000140e-02
3.372215276090000102e-02,7.026426028729999551e-01,6.283268401090000288e-02
3.416633252690000344e-02,7.038174014579999804e-01,5.992864834980000249e-02
3.484858776690000215e-02,7.049885986199999621e-01,5.690553309390000009e-02
3.447304291009999772e-02,7.061810956609999579e-01,5.315973883930000254e-02
3.434167504670000010e-02,7.073698283579999968e-01,4.920983103349999693e-02
3.445880225950000153e-02,7.085547517089999525e-01,4.502443764479999860e-02
3.482874742090000253e-02,7.097358209670000528e-01,4.056338349170000163e-02
3.415166294199999814e-02,7.109377741910000159e-01,3.514082508030000329e-02
4.153836588490000120e-02,7.119872088309999736e-01,3.399295432720000204e-02
5.087152233939999657e-02,7.129834682540000523e-01,3.426687988580000288e-02
5.939400846270000145e-02,7.139760709869999999e-01,3.453315579710000000e-02
6.639578520609999701e-02,7.149897070059999526e-01,3.407019021789999685e-02
7.391342446269999478e-02,7.159748834329999756e-01,3.431893114319999744e-02
8.104042378230000288e-02,7.169563034699999449e-01,3.455962225010000138e-02
8.784766775150000540e-02,7.179339348059999848e-01,3.479212981629999785e-02
9.369526204450000229e-02,7.189324083610000304e-01,3.428790827639999900e-02
1.000485010559999943e-01,7.199023511080000493e-01,3.450182192569999778e-02
1.062033574370000039e-01,7.208684096990000123e-01,3.470715339879999750e-02
1.121864923219999949e-01,7.218305532350000053e-01,3.490376949360000230e-02
1.180196154200000014e-01,7.227887511670000320e-01,3.509153715169999882e-02
1.231799549800000060e-01,7.237675469880000545e-01,3.453317400260000336e-02
1.287864182859999873e-01,7.247177443990000523e-01,3.470103076810000103e-02
1.342865165819999984e-01,7.256639059439999873e-01,3.485964306250000089e-02
1.396913233210000105e-01,7.266060024510000437e-01,3.500887857709999995e-02
1.450103538820000093e-01,7.275440050939999681e-01,3.514860520830000168e-02
1.502518468959999909e-01,7.284778853869999793e-01,3.527869107110000180e-02
1.554229841170000070e-01,7.294076151870000357e-01,3.539900451189999936e-02
1.605300643969999885e-01,7.303331666900000352e-01,3.550941412309999851e-02
1.651745192359999892e-01,7.312789097259999593e-01,3.485855767130000005e-02
1.701818863239999979e-01,7.321959977080000348e-01,3.494697048139999707e-02
1.751393235739999998e-01,7.331088252420000506e-01,3.502508946420000019e-02
1.800508222220000010e-01,7.340173658640000154e-01,3.509278439269999939e-02
1.849199633170000023e-01,7.349215934439999875e-01,3.514992535739999702e-02
1.897499714920000136e-01,7.358214821849999865e-01,3.519638278150000188e-02
1.945437601139999861e-01,7.367170066229999925e-01,3.523202743619999883e-02
1.993039694590000022e-01,7.376081416219999465e-01,3.525673045560000218e-02
2.040329991579999946e-01,7.384948623789999722e-01,3.527036335239999709e-02
2.087330359390000001e-01,7.393771444169999763e-01,3.527279803390000190e-02
2.134060774479999978e-01,7.402549635880000256e-01,3.526390681739999949e-02
2.183533860100000112e-01,7.411042158280000125e-01,3.601439598520000257e-02
2.229707607439999906e-01,7.419730718760000343e-01,3.598423568760000107e-02
2.275664813249999863e-01,7.428373954200000462e-01,3.594236580819999693e-02
2.321419498379999891e-01,7.436971636160000232e-01,3.588866040549999747e-02
2.366984604659999880e-01,7.445523539430000115e-01,3.582299402809999839e-02
2.412372097569999985e-01,7.454029441949999724e-01,3.574524173199999932e-02
2.457593057059999919e-01,7.462489124879999602e-01,3.565527909689999997e-02
2.505212959440000220e-01,7.470664082410000129e-01,3.633648463180000343e-02
2.550077734960000120e-01,7.479031082110000339e-01,3.622347094170000337e-02
2.594806496650000072e-01,7.487351233810000117e-01,3.609787328229999842e-02
2.639407398679999850e-01,7.495624331310000166e-01,3.595956943289999735e-02
2.683888041440000150e-01,7.503850171529999891e-01,3.580843777969999753e-02
2.730559804800000157e-01,7.511792323760000389e-01,3.643692064219999915e-02
2.774775835919999767e-01,7.519923499609999507e-01,3.626149349410000278e-02
2.818892892200000055e-01,7.528006837039999954e-01,3.607287352750000037e-02
2.865088471950000271e-01,7.535807252899999753e-01,3.666905739199999986e-02
2.908983501290000051e-01,7.543794820939999646e-01,3.645540629150000045e-02
2.952796837969999810e-01,7.551733997259999498e-01,3.622820305430000248e-02
2.998584112509999899e-01,7.559391136499999941e-01,3.679096644979999720e-02
3.042210290460000133e-01,7.567233494449999709e-01,3.653800773770000260e-02
3.085768915809999902e-01,7.575026934749999885e-01,3.627114371770000234e-02
3.131204002519999974e-01,7.582539342520000503e-01,3.679938145509999842e-02
3.174604229510000208e-01,7.590234970460000286e-01,3.650604981160000123e-02
3.217948545189999732e-01,7.597881181629999592e-01,3.619846628489999801e-02
3.263078174690000055e-01,7.605247486839999960e-01,3.669109078229999821e-02
3.306287958890000156e-01,7.612794945540000136e-01,3.635634056579999801e-02
3.351225358950000177e-01,7.620063312010000312e-01,3.682531969399999855e-02
3.394314788069999755e-01,7.627511428190000276e-01,3.646294153299999702e-02
3.439076488919999841e-01,7.634681322030000272e-01,3.690780135240000204e-02
3.482058118999999952e-01,7.642029528899999535e-01,3.651734029249999874e-02
3.526658866180000240e-01,7.649100440089999786e-01,3.693761281539999913e-02
3.569543836169999929e-01,7.656348193790000201e-01,3.651862045820000041e-02
3.613996808300000141e-01,7.663319635759999748e-01,3.691384389969999680e-02
3.658366762420000029e-01,7.670241484680000443e-01,3.729739633359999834e-02
3.701112008499999884e-01,7.677337924189999718e-01,3.683559768169999971e-02
3.745352002769999911e-01,7.684159629190000507e-01,3.719341653770000256e-02
3.788023844130000151e-01,7.691154365240000512e-01,3.670199099040000190e-02
3.832143854530000171e-01,7.697875496810000495e-01,3.703363095300000324e-02
3.876195044749999874e-01,7.704546534780000178e-01,3.735303140199999761e-02
3.918758629599999876e-01,7.711388213240000233e-01,3.681717770429999981e-02
3.962703412149999882e-01,7.717958087059999528e-01,3.710974030559999887e-02
4.006586360239999811e-01,7.724477602989999747e-01,3.738973175270000199e-02
4.050409720409999803e-01,7.730946682670000181e-01,3.765704196090000067e-02
4.092845003839999940e-01,7.737583090709999611e-01,3.706101822329999768e-02
4.136577239670000128e-01,7.743950302340000258e-01,3.730063447109999847e-02
4.180255552220000226e-01,7.750266845690000350e-01,3.752724864959999795e-02
4.223881774150000101e-01,7.756532653009999834e-01,3.774075431360000149e-02
4.266211284409999749e-01,7.762962312150000210e-01,3.708293351170000030e-02
4.309758715329999879e-01,7.769125630369999591e-01,3.726791957830000168e-02
4.353258662519999822e-01,7.775238011320000364e-01,3.743948776549999718e-02
4.396712625420000076e-01,7.781299397430000431e-01,3.759753548010000279e-02
4.440122027710000085e-01,7.787309733559999447e-01,3.774196110979999991e-02
4.483488221260000239e-01,7.793268967040000161e-01,3.787266403589999858e-02
4.526812489850000065e-01,7.799177047599999968e-01,3.798954464499999795e-02
4.568984204989999798e-01,7.805242502270000049e-01,3.722100829140000122e-02
4.612246275049999844e-01,7.811047214940000094e-01,3.730799511189999973e-02
4.655469618940000220e-01,7.816800623830000294e-01,3.738087166040000159e-02
4.698655289579999894e-01,7.822502687879999694e-01,3.743954251880000222e-02
4.741804286949999891e-01,7.828153368279999746e-01,3.748391333230000066e-02
4.784917560690000182e-01,7.833752628419999864e-01,3.751389082010000292e-02
4.827996012590000108e-01,7.839300433879999863e-01,3.752938278649999709e-02
4.871040498950000019e-01,7.844796752360000403e-01,3.753029813110000251e-02
4.914051832760000238e-01,7.850241553660000093e-01,3.751654685880000117e-02
4.957030785830000008e-01,7.855634809670000163e-01,3.748804009040000024e-02
4.999978090750000215e-01,7.860976494279999782e-01,3.744469007199999894e-02
5.043821629110000204e-01,7.866068931680000320e-01,3.827913507260000125e-02
5.086692262290000155e-01,7.871308484889999457e-01,3.820773910749999946e-02
5.129533427239999499e-01,7.876496415420000119e-01,3.812123813079999757e-02
5.172345712039999599e-01,7.881632705059999910e-01,3.801954892759999705e-02
5.215129674239999957e-01,7.886717337440000142e-01,3.790258945370000160e-02
5.257885842309999447e-01,7.891750297990000051e-01,3.777027884379999950e-02
5.300614717079999982e-01,7.896731573949999916e-01,3.762253742030000070e-02
5.344139760710000520e-01,7.901471381289999485e-01,3.836564346230000172e-02
5.386801309640000257e-01,7.906350446650000086e-01,3.818866794990000146e-02
5.429437077930000521e-01,7.911177815219999632e-01,3.799602405980000153e-02
5.472047463710000281e-01,7.915953481090000077e-01,3.778763688399999765e-02
5.515400058660000493e-01,7.920492508190000169e-01,3.847765785920000126e-02
5.557947285350000044e-01,7.925166011080000406e-01,3.823940394849999896e-02
5.600470345279999762e-01,7.929787819139999527e-01,3.798518344969999821e-02
5.643696521400000110e-01,7.934176798159999766e-01,3.863511189660000233e-02
5.686159102990000491e-01,7.938696521700000508e-01,3.835057218059999967e-02
5.728598542889999923e-01,7.943164572259999723e-01,3.804985343399999720e-02
5.771703107079999562e-01,7.947403765199999581e-01,3.865898785070000232e-02
5.814084361079999708e-01,7.951769837419999654e-01,3.832751881390000087e-02
5.856443333569999465e-01,7.956084271519999751e-01,3.797966931659999684e-02
5.899430468730000321e-01,7.960173982270000170e-01,3.854733941659999746e-02
5.941733210870000503e-01,7.964386569989999609e-01,3.816833025130000195e-02
5.984640005289999509e-01,7.968377283909999775e-01,3.870875093850000004e-02
6.026887734170000011e-01,7.972488137909999883e-01,3.829831745549999722e-02
6.069715816370000461e-01,7.976380041380000119e-01,3.881120796919999838e-02
6.111909623669999903e-01,7.980389284550000184e-01,3.836909520020000131e-02
6.154660479829999753e-01,7.984182574499999463e-01,3.885418411500000252e-02
6.196801343340000434e-01,7.988090339400000239e-01,3.838014682830000190e-02
6.239476329719999548e-01,7.991785222749999695e-01,3.883717210760000149e-02
6.281565123750000312e-01,7.995591651060000027e-01,3.833097485550000100e-02
6.324165478019999620e-01,7.999188344130000461e-01,3.875968389529999697e-02
6.366202982990000203e-01,8.002893586089999678e-01,3.822110105340000008e-02
6.408729834590000118e-01,8.006392314069999960e-01,3.862125072030000300e-02
6.451214748860000237e-01,8.009842948580000455e-01,3.900813144970000090e-02
6.493171125450000192e-01,8.013397524280000406e-01,3.842142317930000162e-02
6.535584139469999831e-01,8.016750565029999720e-01,3.877939252039999674e-02
6.577956100390000005e-01,8.020055729720000359e-01,3.912391485510000044e-02
6.619832918079999740e-01,8.023460073749999477e-01,3.848860978969999985e-02
6.662134375989999802e-01,8.026668033249999556e-01,3.880388990639999786e-02
6.704395560479999849e-01,8.029828342560000332e-01,3.910555536810000204e-02
6.746194145539999854e-01,8.033082912500000283e-01,3.842121491839999708e-02
6.788386045950000058e-01,8.036146420630000398e-01,3.869332855000000293e-02
6.830538361500000377e-01,8.039162511999999872e-01,3.895167030610000025e-02
6.872651328779999513e-01,8.042131272250000462e-01,3.919618850630000179e-02
6.914343926770000204e-01,8.045187493590000294e-01,3.844639019949999681e-02
6.956389046840000256e-01,8.048060024809999824e-01,3.866097304899999976e-02
6.998395402210000338e-01,8.050885467130000084e-01,3.886158897059999867e-02
7.040363195559999898e-01,8.053663908910000391e-01,3.904819084299999965e-02
7.082292621689999512e-01,8.056395439160000116e-01,3.922073267210000186e-02
7.123852713249999580e-01,8.059205527199999608e-01,3.838859326099999802e-02
7.165715796470000232e-01,8.061841581559999748e-01,3.853077001380000172e-02
7.207540988909999502e-01,8.064430975490000097e-01,3.865876054789999655e-02
7.249328458579999968e-01,8.066973800109999981e-01,3.877252339460000169e-02
7.291078367229999468e-01,8.069470147030000096e-01,3.887201820200000130e-02
7.332790870700000019e-01,8.071920108279999617e-01,3.895720573190000063e-02
7.374466119129999830e-01,8.074323776309999534e-01,3.902804785760000117e-02
7.416104257300000224e-01,8.076681243969999757e-01,3.908450756000000220e-02
7.457705424849999654e-01,8.078992604429999780e-01,3.912654892510000065e-02
7.499269756580000390e-01,8.081257951210000234e-01,3.915413713979999655e-02
7.540797382649999658e-01,8.083477378110000000e-01,3.916723848880000053e-02
7.582288428829999649e-01,8.085650979220000423e-01,3.916582035090000052e-02
7.623743016720000432e-01,8.087778848850000202e-01,3.914985119429999910e-02
7.665161263980000417e-01,8.089861081520000052e-01,3.911930057319999710e-02
7.706496076900000158e-01,8.091930794299999619e-01,3.856741537200000097e-02
7.748271545349999512e-01,8.093774046830000124e-01,3.909044430490000305e-02
7.790126375960000349e-01,8.095571433379999959e-01,3.867278289429999794e-02
7.832427488969999629e-01,8.097136213700000251e-01,3.934336535820000258e-02
7.874826467040000333e-01,8.098646820670000190e-01,3.907672159859999772e-02
7.917501523740000380e-01,8.100010328329999565e-01,3.888657986400000099e-02
7.960452065019999468e-01,8.101225101740000545e-01,3.877294614389999866e-02
8.003677488239999693e-01,8.102289486520000139e-01,3.873582335390000214e-02
8.047177181569999949e-01,8.103201808750000179e-01,3.877521102689999999e-02
8.090950523590000332e-01,8.103960374859999760e-01,3.889110499989999886e-02
8.134996882660000539e-01,8.104563471569999900e-01,3.908349709290000196e-02
8.179315616379999598e-01,8.105009365749999972e-01,3.935237478269999756e-02
8.223906071059999823e-01,8.105296304379999706e-01,3.969772087009999784e-02
8.268767581039999648e-01,8.105422514500000286e-01,4.011951314030000326e-02
8.313835904880000349e-01,8.105444255189999669e-01,3.962573855010000090e-02
8.359246923280000408e-01,8.105240641140000202e-01,4.020201069860000059e-02
8.404926898010000036e-01,8.104870826250000215e-01,4.084663197639999688e-02
8.450839740379999521e-01,8.104382009489999872e-01,4.059431154280000037e-02
8.497064827210000226e-01,8.103671142010000494e-01,4.138127731130000070e-02
8.543539926669999618e-01,8.102831301749999771e-01,4.128426342629999690e-02
8.590299569949999547e-01,8.101811414770000441e-01,4.126461494400000124e-02
8.637342901940000539e-01,8.100609437279999714e-01,4.132226942440000300e-02
8.684669049450000067e-01,8.099223302469999997e-01,4.145689782840000087e-02
8.732277120429999817e-01,8.097650920450000234e-01,4.166790859459999774e-02
8.780166203179999851e-01,8.095890178250000346e-01,4.195445561379999855e-02
8.828335365549999647e-01,8.093938939729999893e-01,4.231544982959999784e-02
8.876783654080000474e-01,8.091795045599999847e-01,4.274957407800000081e-02
8.925510093130000211e-01,8.089456313399999710e-01,4.325530068510000103e-02
8.974579410549999858e-01,8.086933871070000057e-01,4.292179481459999779e-02
9.023868184650000179e-01,8.084195340130000407e-01,4.357548219750000118e-02
9.073515766830000384e-01,8.081261573260000164e-01,4.339663776910000076e-02
9.123362594999999686e-01,8.078114064429999797e-01,4.419299581839999935e-02
9.173583969059999621e-01,8.074759525229999735e-01,4.416622666120000040e-02
9.224094945809999668e-01,8.071189168040000528e-01,4.421528161030000015e-02
9.274894302289999892e-01,8.067400509900000127e-01,4.433971673900000132e-02
9.325980785830000341e-01,8.063391041520000524e-01,4.453884047529999696e-02
9.377353113030000298e-01,8.059158227329999979e-01,4.481172197370000138e-02
9.429009968639999739e-01,8.054699505479999688e-01,4.515720269910000056e-02
9.480950004520000141e-01,8.050012287950000234e-01,4.557391085870000219e-02
9.533171838509999496e-01,8.045093960600000482e-01,4.606027824100000084e-02
9.570817102440000168e-01,8.042626568970000500e-01,9.943720266239999828e-02
9.596995832970000029e-01,8.042493840769999736e-01,1.540357126959999989e-01
9.618045298470000448e-01,8.043689955709999451e-01,1.981387012920000079e-01
9.635761723710000171e-01,8.045898659729999736e-01,2.351346904649999903e-01
9.650914707819999716e-01,8.048967719649999797e-01,2.672429143999999757e-01
9.664224050830000357e-01,8.052741513919999816e-01,2.955627390539999899e-01
9.676268637020000174e-01,8.057084972329999761e-01,3.207995611910000044e-01
9.687093884249999842e-01,8.061972772719999680e-01,3.437124234010000001e-01
9.697310049170000390e-01,8.067258102990000346e-01,3.644732509349999927e-01
9.706252552370000508e-01,8.073072388719999548e-01,3.838714848299999982e-01
9.714811509830000302e-01,8.079207070230000065e-01,4.017108542369999813e-01
9.722903753339999788e-01,8.085667051880000011e-01,4.182937564809999786e-01
9.730377851329999883e-01,8.092475640520000457e-01,4.338797380939999893e-01
9.737015882820000412e-01,8.099674514560000205e-01,4.486987230180000119e-01
9.743784666949999451e-01,8.107029829559999623e-01,4.624725448629999902e-01
9.750047513509999542e-01,8.114680590289999884e-01,4.755714995449999982e-01
9.755936337280000092e-01,8.122588309139999740e-01,4.880262770989999832e-01
9.761582420290000339e-01,8.130714272429999667e-01,4.998628104569999842e-01
9.767116318040000023e-01,8.139019585140000457e-01,5.111032224089999687e-01
9.772174010819999479e-01,8.147586299179999658e-01,5.219213487049999545e-01
9.776839239119999858e-01,8.156389043070000344e-01,5.323303730039999904e-01
9.781719456999999895e-01,8.165272031039999545e-01,5.421893051199999647e-01
9.786403884240000295e-01,8.174330740770000547e-01,5.516630411530000222e-01
9.790421899929999672e-01,8.183678842880000026e-01,5.609114163249999674e-01
9.794948258340000491e-01,8.193016312990000216e-01,5.696401641039999797e-01
9.798943817320000527e-01,8.202600583419999980e-01,5.781574835389999834e-01
9.802447005209999897e-01,8.212419307899999632e-01,5.864678343560000284e-01
9.806719599240000251e-01,8.222145057949999947e-01,5.942799194369999816e-01
9.810008563090000244e-01,8.232224273660000424e-01,6.020426904429999615e-01
9.813589808749999532e-01,8.242324923160000427e-01,6.094647836929999452e-01
9.816890177810000395e-01,8.252591881299999876e-01,6.166970345900000261e-01
9.820616670370000412e-01,8.262837082780000175e-01,6.235971755320000032e-01
9.823484829599999912e-01,8.273394149510000517e-01,6.304589097860000546e-01
9.826884156409999571e-01,8.283895115760000483e-01,6.369949549750000273e-01
9.829473907150000356e-01,8.294691305560000227e-01,6.434964478400000409e-01
9.832699696019999713e-01,8.305396975119999636e-01,6.496780159620000328e-01
9.835903206710000513e-01,8.316183594439999771e-01,6.556858825700000448e-01
9.838370661359999714e-01,8.327240209859999576e-01,6.616641650269999841e-01
9.840864939190000493e-01,8.338360876220000106e-01,6.674717919629999940e-01
9.844204077910000406e-01,8.349322179670000121e-01,6.729694883810000139e-01
9.846087620329999623e-01,8.360742947429999905e-01,6.785825603359999514e-01
9.848892716520000201e-01,8.371978663710000212e-01,6.838892411670000060e-01
9.851877991420000535e-01,8.383227062879999858e-01,6.890323583430000287e-01
9.854247705649999967e-01,8.394703135979999509e-01,6.941529810859999872e-01
9.855999512159999698e-01,8.406406910620000117e-01,6.992514485740000119e-01
9.858853223469999927e-01,8.417865731579999844e-01,7.040507381720000346e-01
9.861138600200000104e-01,8.429535172740000304e-01,7.088300733329999659e-01
9.862853611859999647e-01,8.441415167479999759e-01,7.135897359099999671e-01
9.864897503780000187e-01,8.453256628809999729e-01,7.181924528249999939e-01
9.867308514439999678e-01,8.465046827229999460e-01,7.226395854399999541e-01
9.869197023300000371e-01,8.477030381689999450e-01,7.270692898820000361e-01
9.871502367469999761e-01,8.488945655959999614e-01,7.313453114050000314e-01
9.873308457399999627e-01,8.501045597880000360e-01,7.356050578549999663e-01
9.875581147040000118e-01,8.513060290039999867e-01,7.397129323459999961e-01
9.877378010009999487e-01,8.525250944500000205e-01,7.438056234419999635e-01
9.879691240739999492e-01,8.537339448359999583e-01,7.477481711410000065e-01
9.881552228609999933e-01,8.549595211620000246e-01,7.516765714269999510e-01
9.882959776440000121e-01,8.562017918040000231e-01,7.555910078409999731e-01
9.884945373839999494e-01,8.574317301639999833e-01,7.593574467670000105e-01
9.886501371970000118e-01,8.586774895550000064e-01,7.631108977899999646e-01
9.888685240679999655e-01,8.599092470770000052e-01,7.667179160560000373e-01
9.890463446270000292e-01,8.611559568490000371e-01,7.703128761480000364e-01
9.891835150059999915e-01,8.624175786719999737e-01,7.738959360199999526e-01
9.893896483809999642e-01,8.636631095160000049e-01,7.773345074259999654e-01
9.895575434990000474e-01,8.649226863079999550e-01,7.807620580059999593e-01
9.896871358729999457e-01,8.661962638850000396e-01,7.841787351510000059e-01
9.897783649860000255e-01,8.674837925170000297e-01,7.875846871780000091e-01
9.899459593889999853e-01,8.687527302069999458e-01,7.908484120609999835e-01
9.900776288899999500e-01,8.700347561310000088e-01,7.941022380100000166e-01
9.902906230889999550e-01,8.712965781020000078e-01,7.972151745850000193e-01
9.904701253609999867e-01,8.725706363809999644e-01,8.003190006970000159e-01
9.906161085589999526e-01,8.738568795900000241e-01,8.034138450400000186e-01
9.907285502110000364e-01,8.751552523800000261e-01,8.064998373709999502e-01
9.908074326600000425e-01,8.764656954170000347e-01,8.095771085139999990e-01
9.909762450250000354e-01,8.777530784949999498e-01,8.125158955450000331e-01
9.911139547539999928e-01,8.790516897010000053e-01,8.154466961309999595e-01
9.912205618420000253e-01,8.803614688849999981e-01,8.183696324189999594e-01
9.914232309639999796e-01,8.816462214639999573e-01,8.211556260819999897e-01
9.915972442960000466e-01,8.829413151430000051e-01,8.239344495649999489e-01
9.917426177410000321e-01,8.842466901140000335e-01,8.267062164880000230e-01
9.918593724780000453e-01,8.855622831720000310e-01,8.294710414610000360e-01
9.919475350840000205e-01,8.868880277159999492e-01,8.322290400570000468e-01
9.920071376569999932e-01,8.882238537490000363e-01,8.349803287910000371e-01
9.921725667430000284e-01,8.895315148089999457e-01,8.375971068930000429e-01
9.923118915009999652e-01,8.908484516350000382e-01,8.402078121170000191e-01
9.924251580259999539e-01,8.921745963580000049e-01,8.428125522439999795e-01
9.925124180319999656e-01,8.935098780200000368e-01,8.454114358790000283e-01
9.927127389719999639e-01,8.948147514630000465e-01,8.478774350890000422e-01
9.927493317990000454e-01,8.961677685900000245e-01,8.504651204359999772e-01
9.929014223500000069e-01,8.974895982789999893e-01,8.529205067820000430e-01
9.930300691429999604e-01,8.988196412690000470e-01,8.553708318299999558e-01
9.931353463880000509e-01,9.001578244079999624e-01,8.578161965999999694e-01
9.932173340380000548e-01,9.015040717910000057e-01,8.602567027309999670e-01
9.934219326759999857e-01,9.028169936650000116e-01,8.625663764019999569e-01
9.934587287270000289e-01,9.041788394230000359e-01,8.649976363650000444e-01
9.936205382460000513e-01,9.055066158240000496e-01,8.672985909420000139e-01
9.937616394830000033e-01,9.068415607080000385e-01,8.695954088720000419e-01
9.938821310950000099e-01,9.081835983849999572e-01,8.718881832910000407e-01
9.939821173780000185e-01,9.095326507680000505e-01,8.741770077099999536e-01
9.940617083160000478e-01,9.108886374060000124e-01,8.764619759709999514e-01
9.941210196209999683e-01,9.122514755080000093e-01,8.787431822019999839e-01
9.943146389629999859e-01,9.135775266040000453e-01,8.808958593100000289e-01
9.943348232659999786e-01,9.149535504639999539e-01,8.831699603989999758e-01
9.944916586850000018e-01,9.162920956119999794e-01,8.853159864970000514e-01
9.946308024019999694e-01,9.176366378110000221e-01,8.874588832569999530e-01
9.945937952750000255e-01,9.190316760560000020e-01,8.897230728510000519e-01
9.946969385130000063e-01,9.203882173749999840e-01,8.918598415209999519e-01
9.949433970319999654e-01,9.217054409970000250e-01,8.938696406310000508e-01
9.950131142889999669e-01,9.230731560920000245e-01,8.960008631879999852e-01
9.950658366600000360e-01,9.244464511369999693e-01,8.981293778390000426e-01
9.951017194629999674e-01,9.258252371920000501e-01,9.002552686110000257e-01
9.952854367150000270e-01,9.271634372629999898e-01,9.022549649190000354e-01
9.952890982459999814e-01,9.285527149919999834e-01,9.043759611039999813e-01
9.954428243870000470e-01,9.299007914250000395e-01,9.063711277439999714e-01
9.955822565580000338e-01,9.312535721329999738e-01,9.083641923149999853e-01
9.957075542109999899e-01,9.326109749330000476e-01,9.103552275840000041e-01
9.958188813560000519e-01,9.339729162690000308e-01,9.123443059760000251e-01
9.959164065059999960e-01,9.353393112569999834e-01,9.143314995329999695e-01
9.960003026179999885e-01,9.367100737429999713e-01,9.163168798730000342e-01
9.960707470170000466e-01,9.380851163560000039e-01,9.183005181440000442e-01
9.961279213250000542e-01,9.394643505640000170e-01,9.202824849870000490e-01
9.961720113740000215e-01,9.408476867380000108e-01,9.222628504969999641e-01
9.963775951619999738e-01,9.421868742129999585e-01,9.241189830679999995e-01
9.963969394999999674e-01,9.435779735749999508e-01,9.260964217629999995e-01
9.964037727900000307e-01,9.449729050389999996e-01,9.280724627440000152e-01
9.965751668710000066e-01,9.463229208260000025e-01,9.299246684170000554e-01
9.967360628250000465e-01,9.476762694170000056e-01,9.317757300029999579e-01
9.967082140090000042e-01,9.490818381860000041e-01,9.337480927310000123e-01
9.968478959859999877e-01,9.504417608690000074e-01,9.355969834159999499e-01
9.969776422889999878e-01,9.518047695610000192e-01,9.374449031760000439e-01
9.970976430719999950e-01,9.531707824880000235e-01,9.392919073929999474e-01
9.970266234379999704e-01,9.545892452769999537e-01,9.412602384020000157e-01
9.971269886510000235e-01,9.559611489660000405e-01,9.431055312599999629e-01
9.972182043380000138e-01,9.573358041199999668e-01,9.449500729040000158e-01
9.973004706089999560e-01,9.587131274810000159e-01,9.467939156379999721e-01
9.973739896629999491e-01,9.600930355860000098e-01,9.486371109569999849e-01
9.976239611239999805e-01,9.614253183130000435e-01,9.503577132110000436e-01
9.976812750900000415e-01,9.628100397490000351e-01,9.521997955309999817e-01
9.977304491059999503e-01,9.641970997409999855e-01,9.540413774749999520e-01
9.977716920110000220e-01,9.655864146579999918e-01,9.558825072009999868e-01
9.978052138699999851e-01,9.669779010110000073e-01,9.577232319940000016e-01
9.980194518620000288e-01,9.683208631969999480e-01,9.594417321770000173e-01
9.980387893250000086e-01,9.697163610360000074e-01,9.612818042280000252e-01
9.980510309990000550e-01,9.711137860020000456e-01,9.631216056289999550e-01
9.982464120689999998e-01,9.724622049519999756e-01,9.648393648449999915e-01
9.982456936789999569e-01,9.738631697149999766e-01,9.666787674750000336e-01
9.984296610930000204e-01,9.752148311939999870e-01,9.683962338960000471e-01
9.984167937150000283e-01,9.766190289249999656e-01,9.702353970610000378e-01
9.985901156800000011e-01,9.779736460390000552e-01,9.719527181479999944e-01
9.985659078949999934e-01,9.793807748859999496e-01,9.737917943170000257e-01
9.987293486320000246e-01,9.807380658840000320e-01,9.755091109950000394e-01
9.988883757019999532e-01,9.820965654359999908e-01,9.772264768220000342e-01
9.988489191120000221e-01,9.835075195689999550e-01,9.790656923839999859e-01
9.989991856540000326e-01,9.848682865869999858e-01,9.807832509920000330e-01
9.991455769460000358e-01,9.862300691800000019e-01,9.825009508909999800e-01
9.990926094459999796e-01,9.876442213360000499e-01,9.843406046349999494e-01
9.992313191049999599e-01,9.890078868120000255e-01,9.860586780060000001e-01
9.993669078539999528e-01,9.903723082419999546e-01,9.877770116370000464e-01
9.994995922280000000e-01,9.917374118689999962e-01,9.894956387559999955e-01
9.994319310789999689e-01,9.931547193409999696e-01,9.913363786100000130e-01
9.995583428900000067e-01,9.945212162869999650e-01,9.930556015370000100e-01
9.996818194769999666e-01,9.958883964689999591e-01,9.947751180680000083e-01
9.998023508850000240e-01,9.972562602350000249e-01,9.964949282480000115e-01
9.997207022009999555e-01,9.986764339670000101e-01,9.983368876310000362e-01
1.000000000000000000e+00,1.000000000000000000e+00,1.000000000000000000e+00
