# Colormap going from blue to red through black
1.328125000000000000e-01,7.070312500000000000e-01,6.757812500000000000e-01
1.315104166666666574e-01,7.000995710784313486e-01,6.691559436274510109e-01
1.302083333333333426e-01,6.931678921568626972e-01,6.625306372549019107e-01
1.289062500000000000e-01,6.862362132352941568e-01,6.559053308823529216e-01
1.276041666666666574e-01,6.793045343137255054e-01,6.492800245098039325e-01
1.263020833333333426e-01,6.723728553921568540e-01,6.426547181372549433e-01
1.250000000000000000e-01,6.654411764705882026e-01,6.360294117647058432e-01
1.236979166666666713e-01,6.585094975490195512e-01,6.294041053921568540e-01
1.223958333333333287e-01,6.515778186274510109e-01,6.227787990196078649e-01
1.210937500000000000e-01,6.446461397058823595e-01,6.161534926470588758e-01
1.197916666666666713e-01,6.377144607843137081e-01,6.095281862745097756e-01
1.184895833333333287e-01,6.307827818627450567e-01,6.029028799019607865e-01
1.171875000000000000e-01,6.238511029411765163e-01,5.962775735294117974e-01
1.158854166666666713e-01,6.169194240196078649e-01,5.896522671568626972e-01
1.145833333333333426e-01,6.099877450980392135e-01,5.830269607843137081e-01
1.132812500000000000e-01,6.030560661764705621e-01,5.764016544117647189e-01
1.119791666666666713e-01,5.961243872549020217e-01,5.697763480392157298e-01
1.106770833333333426e-01,5.891927083333333703e-01,5.631510416666666297e-01
1.093750000000000000e-01,5.822610294117647189e-01,5.565257352941176405e-01
1.080729166666666713e-01,5.753293504901960675e-01,5.499004289215686514e-01
1.067708333333333426e-01,5.683976715686274161e-01,5.432751225490195512e-01
1.054687500000000000e-01,5.614659926470588758e-01,5.366498161764705621e-01
1.041666666666666713e-01,5.545343137254902244e-01,5.300245098039215730e-01
1.028645833333333426e-01,5.476026348039215730e-01,5.233992034313725839e-01
1.015625000000000000e-01,5.406709558823529216e-01,5.167738970588235947e-01
1.002604166666666713e-01,5.337392769607842702e-01,5.101485906862744946e-01
9.895833333333334259e-02,5.268075980392157298e-01,5.035232843137255054e-01
9.765625000000000000e-02,5.198759191176470784e-01,4.968979779411764608e-01
9.635416666666667129e-02,5.129442401960784270e-01,4.902726715686274161e-01
9.505208333333334259e-02,5.060125612745097756e-01,4.836473651960784270e-01
9.375000000000000000e-02,4.990808823529411797e-01,4.770220588235294379e-01
9.244791666666667129e-02,4.921492034313725839e-01,4.703967524509803932e-01
9.114583333333334259e-02,4.852175245098039325e-01,4.637714460784313486e-01
8.984375000000000000e-02,4.782858455882352811e-01,4.571461397058823595e-01
8.854166666666667129e-02,4.713541666666666852e-01,4.505208333333333703e-01
8.723958333333334259e-02,4.644224877450980893e-01,4.438955269607843257e-01
8.593750000000000000e-02,4.574908088235294379e-01,4.372702205882352811e-01
8.463541666666667129e-02,4.505591299019607865e-01,4.306449142156862919e-01
8.333333333333334259e-02,4.436274509803921906e-01,4.240196078431372473e-01
8.203125000000000000e-02,4.366957720588235392e-01,4.173943014705882582e-01
8.072916666666667129e-02,4.297640931372549433e-01,4.107689950980392135e-01
7.942708333333334259e-02,4.228324142156862919e-01,4.041436887254902244e-01
7.812500000000000000e-02,4.159007352941176405e-01,3.975183823529411797e-01
7.682291666666667129e-02,4.089690563725490446e-01,3.908930759803921351e-01
7.552083333333334259e-02,4.020373774509803932e-01,3.842677696078431460e-01
7.421875000000000000e-02,3.951056985294117974e-01,3.776424632352941013e-01
7.291666666666667129e-02,3.881740196078431460e-01,3.710171568627451122e-01
7.161458333333334259e-02,3.812423406862745501e-01,3.643918504901960675e-01
7.031250000000000000e-02,3.743106617647058987e-01,3.577665441176470784e-01
6.901041666666667129e-02,3.673789828431372473e-01,3.511412377450980338e-01
6.770833333333334259e-02,3.604473039215686514e-01,3.445159313725490446e-01
6.640625000000000000e-02,3.535156250000000000e-01,3.378906250000000000e-01
6.510416666666667129e-02,3.465839460784314041e-01,3.312653186274510109e-01
6.380208333333334259e-02,3.396522671568627527e-01,3.246400122549019662e-01
6.250000000000000000e-02,3.327205882352941568e-01,3.180147058823529216e-01
6.119791666666667129e-02,3.257889093137255054e-01,3.113893995098039325e-01
5.989583333333334259e-02,3.188572303921568540e-01,3.047640931372548878e-01
5.859375000000000000e-02,3.119255514705882582e-01,2.981387867647058987e-01
5.729166666666667129e-02,3.049938725490196068e-01,2.915134803921568540e-01
5.598958333333334259e-02,2.980621936274510109e-01,2.848881740196078649e-01
5.468750000000000000e-02,2.911305147058823595e-01,2.782628676470588203e-01
5.338541666666667129e-02,2.841988357843137636e-01,2.716375612745098311e-01
5.208333333333334259e-02,2.772671568627451122e-01,2.650122549019607865e-01
5.078125000000000000e-02,2.703354779411765163e-01,2.583869485294117974e-01
4.947916666666667129e-02,2.634037990196078649e-01,2.517616421568627527e-01
4.817708333333334259e-02,2.564721200980392135e-01,2.451363357843137081e-01
4.687500000000000000e-02,2.495404411764706176e-01,2.385110294117647189e-01
4.557291666666667129e-02,2.426087622549019662e-01,2.318857230392156743e-01
4.427083333333334259e-02,2.356770833333333703e-01,2.252604166666666852e-01
4.296875000000000000e-02,2.287454044117647189e-01,2.186351102941176405e-01
4.166666666666667129e-02,2.218137254901961231e-01,2.120098039215686514e-01
4.036458333333334259e-02,2.148820465686274717e-01,2.053844975490196068e-01
3.906250000000000000e-02,2.079503676470588758e-01,1.987591911764706176e-01
3.776041666666667129e-02,2.010186887254902244e-01,1.921338848039215730e-01
3.645833333333334259e-02,1.940870098039215730e-01,1.855085784313725839e-01
3.515625000000000000e-02,1.871553308823529216e-01,1.788832720588235392e-01
3.385416666666667129e-02,1.802236519607843812e-01,1.722579656862744946e-01
3.255208333333334259e-02,1.732919730392157298e-01,1.656326593137255054e-01
3.125000000000000000e-02,1.663602941176470784e-01,1.590073529411765163e-01
2.994791666666667129e-02,1.594286151960784270e-01,1.523820465686274161e-01
2.864583333333334259e-02,1.524969362745098866e-01,1.457567401960784270e-01
2.734375000000000000e-02,1.455652573529412352e-01,1.391314338235294379e-01
2.604166666666667129e-02,1.386335784313725839e-01,1.325061274509804488e-01
2.473958333333334259e-02,1.317018995098039325e-01,1.258808210784313486e-01
2.343750000000000000e-02,1.247702205882352811e-01,1.192555147058823595e-01
2.213541666666667129e-02,1.178385416666667407e-01,1.126302083333333703e-01
2.083333333333334259e-02,1.109068627450980893e-01,1.060049019607842702e-01
1.953125000000000000e-02,1.039751838235294379e-01,9.937959558823528106e-02
1.822916666666667129e-02,9.704350490196078649e-02,9.275428921568629193e-02
1.692708333333334259e-02,9.011182598039213509e-02,8.612898284313730279e-02
1.562500000000000000e-02,8.318014705882359472e-02,7.950367647058820264e-02
1.432291666666667129e-02,7.624846813725494332e-02,7.287837009803921351e-02
1.302083333333334259e-02,6.931678921568629193e-02,6.625306372549022438e-02
1.171875000000000000e-02,6.238511029411764053e-02,5.962775735294123525e-02
1.041666666666667129e-02,5.545343137254910015e-02,5.300245098039213509e-02
9.114583333333342585e-03,4.852175245098044876e-02,4.637714460784314596e-02
7.812500000000000000e-03,4.159007352941179736e-02,3.975183823529415683e-02
6.510416666666685170e-03,3.465839460784314596e-02,3.312653186274505668e-02
5.208333333333342585e-03,2.772671568627449457e-02,2.650122549019606755e-02
3.906250000000000000e-03,2.079503676470595419e-02,1.987591911764707842e-02
2.604166666666685170e-03,1.386335784313730279e-02,1.325061274509808928e-02
1.302083333333342585e-03,6.931678921568651397e-03,6.625306372548989131e-03
0.000000000000000000e+00,0.000000000000000000e+00,0.000000000000000000e+00
0.000000000000000000e+00,0.000000000000000000e+00,0.000000000000000000e+00
0.000000000000000000e+00,0.000000000000000000e+00,0.000000000000000000e+00
0.000000000000000000e+00,0.000000000000000000e+00,0.000000000000000000e+00
0.000000000000000000e+00,0.000000000000000000e+00,0.000000000000000000e+00
0.000000000000000000e+00,0.000000000000000000e+00,0.000000000000000000e+00
0.000000000000000000e+00,0.000000000000000000e+00,0.000000000000000000e+00
0.000000000000000000e+00,0.000000000000000000e+00,0.000000000000000000e+00
0.000000000000000000e+00,0.000000000000000000e+00,0.000000000000000000e+00
0.000000000000000000e+00,0.000000000000000000e+00,0.000000000000000000e+00
0.000000000000000000e+00,0.000000000000000000e+00,0.000000000000000000e+00
0.000000000000000000e+00,0.000000000000000000e+00,0.000000000000000000e+00
0.000000000000000000e+00,0.000000000000000000e+00,0.000000000000000000e+00
0.000000000000000000e+00,0.000000000000000000e+00,0.000000000000000000e+00
0.000000000000000000e+00,0.000000000000000000e+00,0.000000000000000000e+00
0.000000000000000000e+00,0.000000000000000000e+00,0.000000000000000000e+00
0.000000000000000000e+00,0.000000000000000000e+00,0.000000000000000000e+00
0.000000000000000000e+00,0.000000000000000000e+00,0.000000000000000000e+00
0.000000000000000000e+00,0.000000000000000000e+00,0.000000000000000000e+00
0.000000000000000000e+00,0.000000000000000000e+00,0.000000000000000000e+00
0.000000000000000000e+00,0.000000000000000000e+00,0.000000000000000000e+00
0.000000000000000000e+00,0.000000000000000000e+00,0.000000000000000000e+00
0.000000000000000000e+00,0.000000000000000000e+00,0.000000000000000000e+00
0.000000000000000000e+00,0.000000000000000000e+00,0.000000000000000000e+00
0.000000000000000000e+00,0.000000000000000000e+00,0.000000000000000000e+00
0.000000000000000000e+00,0.000000000000000000e+00,0.000000000000000000e+00
0.000000000000000000e+00,0.000000000000000000e+00,0.000000000000000000e+00
0.000000000000000000e+00,0.000000000000000000e+00,0.000000000000000000e+00
0.000000000000000000e+00,0.000000000000000000e+00,0.000000000000000000e+00
0.000000000000000000e+00,0.000000000000000000e+00,0.000000000000000000e+00
0.000000000000000000e+00,0.000000000000000000e+00,0.000000000000000000e+00
0.000000000000000000e+00,0.000000000000000000e+00,0.000000000000000000e+00
0.000000000000000000e+00,0.000000000000000000e+00,0.000000000000000000e+00
0.000000000000000000e+00,0.000000000000000000e+00,0.000000000000000000e+00
0.000000000000000000e+00,0.000000000000000000e+00,0.000000000000000000e+00
0.000000000000000000e+00,0.000000000000000000e+00,0.000000000000000000e+00
0.000000000000000000e+00,0.000000000000000000e+00,0.000000000000000000e+00
0.000000000000000000e+00,0.000000000000000000e+00,0.000000000000000000e+00
0.000000000000000000e+00,0.000000000000000000e+00,0.000000000000000000e+00
0.000000000000000000e+00,0.000000000000000000e+00,0.000000000000000000e+00
0.000000000000000000e+00,0.000000000000000000e+00,0.000000000000000000e+00
0.000000000000000000e+00,0.000000000000000000e+00,0.000000000000000000e+00
0.000000000000000000e+00,0.000000000000000000e+00,0.000000000000000000e+00
0.000000000000000000e+00,0.000000000000000000e+00,0.000000000000000000e+00
0.000000000000000000e+00,0.000000000000000000e+00,0.000000000000000000e+00
0.000000000000000000e+00,0.000000000000000000e+00,0.000000000000000000e+00
0.000000000000000000e+00,0.000000000000000000e+00,0.000000000000000000e+00
0.000000000000000000e+00,0.000000000000000000e+00,0.000000000000000000e+00
0.000000000000000000e+00,0.000000000000000000e+00,0.000000000000000000e+00
0.000000000000000000e+00,0.000000000000000000e+00,0.000000000000000000e+00
0.000000000000000000e+00,0.000000000000000000e+00,0.000000000000000000e+00
0.000000000000000000e+00,0.000000000000000000e+00,0.000000000000000000e+00
8.923100490196077955e-03,5.361519607843137723e-04,5.361519607843137723e-04
1.784620098039215591e-02,1.072303921568627545e-03,1.072303921568627545e-03
2.676930147058823387e-02,1.608455882352941317e-03,1.608455882352941317e-03
3.569240196078431182e-02,2.144607843137255089e-03,2.144607843137255089e-03
4.461550245098039325e-02,2.680759803921568644e-03,2.680759803921568644e-03
5.353860294117646773e-02,3.216911764705882634e-03,3.216911764705882634e-03
6.246170343137254222e-02,3.753063725490196623e-03,3.753063725490196623e-03
7.138480392156862364e-02,4.289215686274510178e-03,4.289215686274510178e-03
8.030790441176470507e-02,4.825367647058823733e-03,4.825367647058823733e-03
8.923100490196078649e-02,5.361519607843137289e-03,5.361519607843137289e-03
9.815410539215685404e-02,5.897671568627451712e-03,5.897671568627451712e-03
1.070772058823529355e-01,6.433823529411765267e-03,6.433823529411765267e-03
1.160003063725490169e-01,6.969975490196078823e-03,6.969975490196078823e-03
1.249234068627450844e-01,7.506127450980393245e-03,7.506127450980393245e-03
1.338465073529411797e-01,8.042279411764706801e-03,8.042279411764706801e-03
1.427696078431372473e-01,8.578431372549020356e-03,8.578431372549020356e-03
1.516927083333333148e-01,9.114583333333333912e-03,9.114583333333333912e-03
1.606158088235294101e-01,9.650735294117647467e-03,9.650735294117647467e-03
1.695389093137254777e-01,1.018688725490196102e-02,1.018688725490196102e-02
1.784620098039215730e-01,1.072303921568627458e-02,1.072303921568627458e-02
1.873851102941176405e-01,1.125919117647058987e-02,1.125919117647058987e-02
1.963082107843137081e-01,1.179534313725490342e-02,1.179534313725490342e-02
2.052313112745098034e-01,1.233149509803921698e-02,1.233149509803921698e-02
2.141544117647058709e-01,1.286764705882353053e-02,1.286764705882353053e-02
2.230775122549019385e-01,1.340379901960784409e-02,1.340379901960784409e-02
2.320006127450980338e-01,1.393995098039215765e-02,1.393995098039215765e-02
2.409237132352941013e-01,1.447610294117647120e-02,1.447610294117647120e-02
2.498468137254901689e-01,1.501225490196078649e-02,1.501225490196078649e-02
2.587699142156862364e-01,1.554840686274510005e-02,1.554840686274510005e-02
2.676930147058823595e-01,1.608455882352941360e-02,1.608455882352941360e-02
2.766161151960784270e-01,1.662071078431372542e-02,1.662071078431372542e-02
2.855392156862744946e-01,1.715686274509804071e-02,1.715686274509804071e-02
2.944623161764705621e-01,1.769301470588235600e-02,1.769301470588235600e-02
3.033854166666666297e-01,1.822916666666666782e-02,1.822916666666666782e-02
3.123085171568627527e-01,1.876531862745098311e-02,1.876531862745098311e-02
3.212316176470588203e-01,1.930147058823529493e-02,1.930147058823529493e-02
3.301547181372548878e-01,1.983762254901961022e-02,1.983762254901961022e-02
3.390778186274509554e-01,2.037377450980392204e-02,2.037377450980392204e-02
3.480009191176470229e-01,2.090992647058823733e-02,2.090992647058823733e-02
3.569240196078431460e-01,2.144607843137254916e-02,2.144607843137254916e-02
3.658471200980392135e-01,2.198223039215686445e-02,2.198223039215686445e-02
3.747702205882352811e-01,2.251838235294117974e-02,2.251838235294117974e-02
3.836933210784313486e-01,2.305453431372549156e-02,2.305453431372549156e-02
3.926164215686274161e-01,2.359068627450980685e-02,2.359068627450980685e-02
4.015395220588234837e-01,2.412683823529411867e-02,2.412683823529411867e-02
4.104626225490196068e-01,2.466299019607843396e-02,2.466299019607843396e-02
4.193857230392156743e-01,2.519914215686274578e-02,2.519914215686274578e-02
4.283088235294117418e-01,2.573529411764706107e-02,2.573529411764706107e-02
4.372319240196078094e-01,2.627144607843137636e-02,2.627144607843137636e-02
4.461550245098038769e-01,2.680759803921568818e-02,2.680759803921568818e-02
4.550781250000000000e-01,2.734375000000000347e-02,2.734375000000000347e-02
4.640012254901960675e-01,2.787990196078431529e-02,2.787990196078431529e-02
4.729243259803921351e-01,2.841605392156863058e-02,2.841605392156863058e-02
4.818474264705882026e-01,2.895220588235294240e-02,2.895220588235294240e-02
4.907705269607842702e-01,2.948835784313725769e-02,2.948835784313725769e-02
4.996936274509803377e-01,3.002450980392157298e-02,3.002450980392157298e-02
5.086167279411764053e-01,3.056066176470588480e-02,3.056066176470588480e-02
5.175398284313724728e-01,3.109681372549020009e-02,3.109681372549020009e-02
5.264629289215686514e-01,3.163296568627451538e-02,3.163296568627451538e-02
5.353860294117647189e-01,3.216911764705882720e-02,3.216911764705882720e-02
5.443091299019607865e-01,3.270526960784313902e-02,3.270526960784313902e-02
5.532322303921568540e-01,3.324142156862745084e-02,3.324142156862745084e-02
5.621553308823529216e-01,3.377757352941176960e-02,3.377757352941176960e-02
5.710784313725489891e-01,3.431372549019608142e-02,3.431372549019608142e-02
5.800015318627450567e-01,3.484987745098039325e-02,3.484987745098039325e-02
5.889246323529411242e-01,3.538602941176471200e-02,3.538602941176471200e-02
5.978477328431371918e-01,3.592218137254902383e-02,3.592218137254902383e-02
6.067708333333332593e-01,3.645833333333333565e-02,3.645833333333333565e-02
6.156939338235293269e-01,3.699448529411764747e-02,3.699448529411764747e-02
6.246170343137255054e-01,3.753063725490196623e-02,3.753063725490196623e-02
6.335401348039215730e-01,3.806678921568627805e-02,3.806678921568627805e-02
6.424632352941176405e-01,3.860294117647058987e-02,3.860294117647058987e-02
6.513863357843137081e-01,3.913909313725490863e-02,3.913909313725490863e-02
6.603094362745097756e-01,3.967524509803922045e-02,3.967524509803922045e-02
6.692325367647058432e-01,4.021139705882353227e-02,4.021139705882353227e-02
6.781556372549019107e-01,4.074754901960784409e-02,4.074754901960784409e-02
6.870787377450979783e-01,4.128370098039216285e-02,4.128370098039216285e-02
6.960018382352940458e-01,4.181985294117647467e-02,4.181985294117647467e-02
7.049249387254901134e-01,4.235600490196078649e-02,4.235600490196078649e-02
7.138480392156862919e-01,4.289215686274509831e-02,4.289215686274509831e-02
7.227711397058823595e-01,4.342830882352941707e-02,4.342830882352941707e-02
7.316942401960784270e-01,4.396446078431372889e-02,4.396446078431372889e-02
7.406173406862744946e-01,4.450061274509804071e-02,4.450061274509804071e-02
7.495404411764705621e-01,4.503676470588235947e-02,4.503676470588235947e-02
7.584635416666666297e-01,4.557291666666667129e-02,4.557291666666667129e-02
7.673866421568626972e-01,4.610906862745098311e-02,4.610906862745098311e-02
7.763097426470587648e-01,4.664522058823529493e-02,4.664522058823529493e-02
7.852328431372548323e-01,4.718137254901961369e-02,4.718137254901961369e-02
7.941559436274508998e-01,4.771752450980392551e-02,4.771752450980392551e-02
8.030790441176469674e-01,4.825367647058823733e-02,4.825367647058823733e-02
8.120021446078431460e-01,4.878982843137255609e-02,4.878982843137255609e-02
8.209252450980392135e-01,4.932598039215686792e-02,4.932598039215686792e-02
8.298483455882352811e-01,4.986213235294117974e-02,4.986213235294117974e-02
8.387714460784313486e-01,5.039828431372549156e-02,5.039828431372549156e-02
8.476945465686274161e-01,5.093443627450981032e-02,5.093443627450981032e-02
8.566176470588234837e-01,5.147058823529412214e-02,5.147058823529412214e-02
8.655407475490195512e-01,5.200674019607843396e-02,5.200674019607843396e-02
8.744638480392156188e-01,5.254289215686275272e-02,5.254289215686275272e-02
8.833869485294116863e-01,5.307904411764706454e-02,5.307904411764706454e-02
8.923100490196077539e-01,5.361519607843137636e-02,5.361519607843137636e-02
9.012331495098038214e-01,5.415134803921568818e-02,5.415134803921568818e-02
9.101562500000000000e-01,5.468750000000000000e-02,5.468750000000000000e-02
