Method: correlation================================ 
Run 0: 20180706_Run04 
Run 1: 20180911_Run01 
Run 2: 20180912_Run01 
Run 3: 20180913_Run01 
Run 4: 20181206_Run03 
Run 5: 20190102_Run01 
Run 6: 20181206_Run05 
   0    1    2    3    4    5    6   
0 1.00 0.69 0.64 0.61 0.66 0.52 0.71 
1 0.69 1.00 0.64 0.79 0.79 0.45 0.52 
2 0.64 0.64 1.00 0.83 0.75 0.63 0.50 
3 0.61 0.79 0.83 1.00 0.77 0.78 0.57 
4 0.66 0.79 0.75 0.77 1.00 0.58 0.44 
5 0.52 0.45 0.63 0.78 0.58 1.00 0.50 
6 0.71 0.52 0.50 0.57 0.44 0.50 1.00 
Method: RBM================================ 
Run 0: 20180706_Run04 
Run 1: 20180911_Run01 
Run 2: 20180912_Run01 
Run 3: 20180913_Run01 
Run 4: 20181206_Run03 
Run 5: 20190102_Run01 
Run 6: 20181206_Run05 
   0    1    2    3    4    5    6   
0 1.00 0.49 0.71 0.84 0.87 0.53 0.44 
1 0.49 1.00 0.85 0.76 0.74 0.74 0.77 
2 0.71 0.85 1.00 0.83 0.85 0.73 0.75 
3 0.84 0.76 0.83 1.00 0.97 0.70 0.74 
4 0.87 0.74 0.85 0.97 1.00 0.65 0.66 
5 0.53 0.74 0.73 0.70 0.65 1.00 0.81 
6 0.44 0.77 0.75 0.74 0.66 0.81 1.00 
Method: covariance================================ 
Run 0: 20180706_Run04 
Run 1: 20180911_Run01 
Run 2: 20180912_Run01 
Run 3: 20180913_Run01 
Run 4: 20181206_Run03 
Run 5: 20190102_Run01 
Run 6: 20181206_Run05 
   0    1    2    3    4    5    6   
0 1.00 0.66 0.81 0.95 0.93 0.81 0.71 
1 0.66 1.00 0.83 0.84 0.75 0.76 0.84 
2 0.81 0.83 1.00 0.86 0.87 0.79 0.77 
3 0.95 0.84 0.86 1.00 0.96 0.86 0.84 
4 0.93 0.75 0.87 0.96 1.00 0.85 0.75 
5 0.81 0.76 0.79 0.86 0.85 1.00 0.87 
6 0.71 0.84 0.77 0.84 0.75 0.87 1.00 
